0.0006505380122028628 0.046760223458588226 -0.05647721967280459 0.008662154235853784 0.9999624798931558 -7.67458424956657e-05 -0.9999624740527966 0.008662143960610491 -0.00013322243055886076 -0.00013255264850295636 7.789695577640831e-05 0.9999999881809298 0.09198476575586897 3250.66748046875
0.0008611233140996266 -0.04595250816165937 -0.00899370575904547 -0.008562310693783078 -0.999963342745046 1.3179331449855716e-06 0.9999632445613403 -0.008562310437113176 -0.00044313241263876924 0.00044312745317366345 -2.476352691724127e-06 0.9999999018159589 0.0920062003519921 2896.63134765625
0.0008285879978446459 0.046807804840965785 0.007586956038660897 -0.007622834219327505 -0.9999709457771403 -1.911982782033156e-07 -0.9999691716876212 0.007622820335175709 0.0018836890695838695 -0.0018836328829917204 1.4550241882080174e-05 -0.9999982258561526 0.09193623861626282 2870.96630859375
0.0006636858929024506 -0.045965335102543255 0.011553609446653717 0.008282307890920906 0.9999657010452474 -1.0444477143508308e-05 0.9999652887283287 -0.008282313960640919 -0.0009080825557562858 -0.0009081379139126516 -2.9230952852768038e-06 -0.9999995876384075 0.09198976601369444 2860.41650390625
0.0006407967397080092 -0.04593491755980014 0.009606044846528258 0.008943698564981102 0.9999600042560303 -1.2010787567019333e-05 0.9999570695920359 -0.008943701416142808 -0.002422638620909451 -0.0024226491465732104 9.657077618286543e-06 -0.9999970653346206 0.09202887499790931 2837.667236328125
0.0006628076011886072 -0.04596418441138967 -0.018491167978233563 0.00830767608871703 0.9999654904187079 2.212866670625999e-05 0.999965432085036 -0.008307683174653257 0.0003421041603100754 0.0003422761923908179 1.928581121193239e-05 -0.999999941237531 0.09199184672903807 2645.20263671875
0.0011788239967243722 0.006739076998010755 -0.09866186910124902 -0.017797926225991283 -0.999841604332795 8.202276236747078e-06 -0.0024147498634110474 3.47807967327714e-05 -0.9999970838824448 0.9998386883918585 -0.01779789413159159 -0.002414986403549629 0.09251909186297862 2582.388916015625
0.0006650289949467897 0.04677939775985133 -0.00044046499762394244 0.008243516261508356 0.9999660216424813 3.936689739570385e-07 -0.9999654248911495 0.008243511772106197 -0.0010924906983910449 -0.00109245682256633 8.612309474923781e-06 0.9999994032317814 0.0919588750369046 2565.36572265625
0.001194958691037494 0.04831797543536201 0.007565950540480497 -0.018270000141832245 -0.9998330896140832 2.7520650089407584e-06 -0.9998322552649254 0.018269988451552904 0.001291841256910762 -0.0012916759153839591 2.085033658245943e-05 -0.9999991655689484 0.09253608895853625 2546.55859375
0.000830169865153628 0.046805771717044274 0.015507928183999252 -0.007668484734325004 -0.9999705967370345 1.805220746854241e-06 -0.999970516898891 0.007668483400647799 -0.0003996189423147204 0.00039959334890854177 -4.869639282035976e-06 -0.9999999201507179 0.0919384353420188 2537.5830078125
0.0006636988865643748 -0.04596516825211438 0.015404374989910216 0.008281932640226593 0.9999657041208848 -1.3182021865245368e-05 0.9999599042881417 -0.008281839705033635 0.0034060163168086097 0.0034057903330926677 -4.1389891030016534e-05 -0.9999941994227186 0.09199120712296946 2479.873046875
0.000828417498710321 0.04680804270814237 0.020963388980466995 -0.007617914012614238 -0.9999709832720324 2.470643207115007e-07 -0.999969567304072 0.0076179028097919915 -0.001682861398848724 0.0016828106856053232 -1.3066950233455443e-05 -0.9999985839877232 0.0919358738237861 2478.552734375
0.0008695570169605371 -0.04594132860705213 -0.010499018867871001 -0.008806028550055117 -0.999961226162174 5.780745949718167e-06 0.9999610515614241 -0.008806030428556044 -0.0005909215361164953 0.0005909495292454189 5.768488808053384e-07 0.9999998253891452 0.09202043469008638 2455.4736328125
0.0006641630161379058 -0.04596569128147443 0.007663472813831834 0.008268527416321758 0.9999658150461733 -1.3907129826898146e-05 0.9999575052392707 -0.00826851540104624 -0.004076685996844726 -0.004076661626839315 1.980165108590189e-05 -0.9999916901844109 0.09198964372661285 2410.49169921875
0.0008393236107455612 0.046793510037285796 0.01312553513671583 -0.0079327030730044 -0.9999685355995793 5.726156193034866e-06 -0.9999640642822322 0.00793268472644976 0.0029904275933604727 -0.0029903789251410195 1.7996223739945762e-05 -0.9999955286450135 0.0919539641289948 2397.5458984375
-0.04549288489413047 0.00021128508030124338 0.01147515943562065 0.9999993051407096 1.0346319219357147e-05 0.0011788176498300463 1.0330250733187518e-05 -0.9999999998536575 1.3637107256187213e-05 0.0011788177907514 -1.3624920298425091e-05 -0.9999993051012475 0.09150110216816107 2391.74072265625
0.0012386570084623669 0.04825869364410659 0.00962298548952162 -0.019550034690658476 -0.9998088797944336 5.272032019680972e-06 -0.999804490352016 0.019549964485046388 0.0029630998261162803 -0.002962636585907148 5.265770310590073e-05 -0.9999956099961771 0.09260871834916326 2376.610107421875
0.0006988809748863373 -0.049688680347442095 -0.008940287252249985 -0.0034008007359647104 -0.9999942172588868 -1.7723180327688536e-06 0.9999937639000428 -0.0034008008818111925 0.0009522155157658729 -0.00095221603665079 1.4659882463971515e-06 0.9999995466411326 0.09168147233238132 2372.4912109375
0.0006413588259379377 -0.04593542545590537 0.005675117735090387 0.008927450031186768 0.9999601494074348 -1.5264381221651392e-05 0.9999504027761436 -0.008927430411379092 -0.004415084832511729 -0.004415045160466057 2.415182507498016e-05 -0.9999902533489615 0.09202849269696908 2349.080078125
0.0002928916778789578 0.04828084885136136 -0.009111551882100787 0.019068439715146872 0.9998181800954431 -3.684380709268946e-05 -0.9998107501950743 0.019068440058876833 0.0038546579724293433 0.0038546596728117844 -3.666547876039475e-05 0.9999925700996232 0.0925525923335408 2341.868408203125
-0.008311721612889414 -0.06546903800209333 -0.0004857678533694363 0.20453637364007707 0.9788589361665453 0.00023440363971504187 0.9788589605227266 -0.2045363461522662 -0.00013604061078998083 -8.522050356122078e-05 0.00025727335631297346 -0.9999999632739422 0.09939363150555658 2340.43701171875
0.0006756298689758813 0.046793368286248534 0.003596899648366774 0.007937410692123432 0.9999684981988091 1.1023764252604037e-05 -0.9999661724270545 0.007937416006826315 -0.0021567171167029974 -0.002156736676431996 6.095358156589337e-06 0.9999976742221731 0.09194184740964145 2340.43701171875
0.0008373636637774712 0.04679624894457358 0.0015479730195898955 -0.007876122431019716 -0.9999689828666827 -1.5333572231231795e-07 -0.9999686949071237 0.007876120046573572 0.0007589062890070806 -0.0007588815422189827 6.1305697680138895e-06 -0.999999712030569 0.09195028389144748 2323.521240234375
0.0008687195735253492 -0.04594240378147475 -0.002424979088651094 -0.008781824525550512 -0.9999614390324234 -2.4914995473999007e-06 0.9999602562020635 -0.008781817970014164 0.0015380797916024866 -0.00153804236165301 1.1015746310403005e-05 0.9999988171514741 0.09201942788179214 2323.31103515625
0.0008688657208552608 -0.04594224350476581 -0.006455293163085609 -0.008786048455570041 -0.9999614019300161 -1.641134970098512e-06 0.999961182116328 -0.008786047612389124 0.0006630443944443012 -0.0006630332213003477 4.184468913069573e-06 0.9999997801846947 0.09201940631518325 2304.70751953125
0.0006644499633295733 0.04677860141079165 -0.054537360971842246 0.008260243258176685 0.9999658808634677 -7.409632104636323e-05 -0.9999645907120396 0.008260351711417122 0.0016074550404700841 0.0016080122571644538 6.081572768752934e-05 0.999998705298176 0.09196165006595411 2303.671875
0.0002675306666691732 0.048246732160146036 -0.0064953081169400375 0.019811853423391868 0.9998037259071282 -1.1231842570805698e-05 -0.9998036090383402 0.019811856538307696 0.0004834195021254146 0.00048354714305483206 1.65220042032422e-06 0.9999998830897083 0.0925915697686675 2280.585693359375
0.0008366995164815344 -0.049712105974262254 0.009582912584729535 0.0028873635573514033 0.9999958315154469 -9.133332660624698e-06 0.9999946685462671 -0.002887374128785187 -0.0015251064494044618 -0.0015251264633702197 -4.729747183592155e-06 -0.9999988369827738 0.09165427572726824 2275.10498046875
0.0008826467003831412 -0.04592397461614487 -0.012467051472308914 -0.009184450263439886 -0.9999578220428745 2.937602109767364e-06 0.9999577677933171 -0.009184448797364806 0.00032943906157358445 -0.00032939818625080575 5.963194724204808e-06 0.9999999457306361 0.09204285686856825 2265.38671875
0.04835269756195966 0.000600822309383929 0.013041080920764034 -0.9961221441753403 -5.5474901226882306e-06 0.08798109940634052 -5.805793528147973e-06 0.9999999999795555 -2.6800003286417927e-06 -0.08798109938967452 -3.1804077712899546e-06 -0.996122144187182 0.09150044712553937 2259.498046875
0.0009408118317950145 -0.047831081185264475 -0.00252227046391307 0.0002798528347337489 0.9999999608381812 2.455004890238002e-06 0.9999993595789843 -0.0002798553586180899 0.0010965959145340153 0.0010965965586355987 2.1481178427614843e-06 -0.9999993987355059 0.09151617154587478 2257.43994140625
-0.008210272230610868 -0.06560899530046473 -0.0025139944765976046 0.20203403963685782 0.9793784626566472 0.00027150011996980003 0.9793783356547028 -0.20203415864994137 0.0005238213771489368 0.0005678716733702702 0.00016007158675253308 -0.9999998259494098 0.0993170950680733 2238.30224609375
0.0483791847886324 0.0002112373568644993 -0.005769655251398857 -0.9967762077737119 -1.267467217366245e-05 -0.080232109878844 1.152330274647612e-05 -0.999999999823887 1.4813497495755172e-05 -0.0802321100524703 1.3841202965561758e-05 0.9967762077442205 0.09150116424527671 2232.917236328125
0.000668878560872152 0.0467844219975207 0.0016018717011655826 0.008132343838098539 0.999966931935276 4.4328305948517365e-06 -0.9999642648618842 0.008132332386147903 -0.0023095820385537202 -0.002309541714397193 1.4349643072777216e-05 0.999997332902022 0.09195295460141618 2229.975341796875
0.0006542190267643452 -0.04595257039670908 0.0016506742869258995 0.008555786656888607 0.9999633985671086 -6.387474713796024e-06 0.9999564853625182 -0.008555751258878185 -0.003718400440577291 -0.0037183189914379252 2.5426644109310468e-05 -0.9999930867047852 0.09200672543966716 2203.630615234375
-0.04647067049487722 0.00021155093476227932 0.006117301198289712 0.9995125898308415 3.573357740471865e-06 0.031218308039931128 3.2746640716060055e-06 -0.9999999999483755 9.619027811064241e-06 0.031218308072691728 -9.512109927377014e-06 -0.9995125897909435 0.09150054603410442 2192.49560546875
0.009153696426750742 0.06669629801138725 -0.0184612914704671 -0.1880698648691488 -0.9821556517481794 4.083147525417702e-05 -0.9821555842476287 0.18806986712844903 0.00036525263410167226 -0.0003664141090245788 2.8590152104643346e-05 -0.9999999324616495 0.09851960260549886 2189.711181640625
0.0009390764564427764 -0.04782909838949201 -0.0005267634784617264 0.00032325212002375184 0.9999999477539513 4.0215928276973345e-07 0.9999992140587629 -0.00032325237001436274 0.0012113586432407192 0.0012113587099509579 1.0584717159511141e-08 -0.999999266304769 0.09151858549828423 2182.417724609375
0.0008480913436376275 0.04678204224162044 0.005558052530952707 -0.008185865431183818 -0.9999664952415356 1.2257861513775739e-06 -0.9999659455840986 0.008185862216879176 0.0010484902792838697 -0.0010484651839868526 7.357055924175927e-06 -0.9999994503331647 0.09196791489506038 2173.08984375
0.0006712070879620891 0.046787594041878586 0.02750748821448395 0.008065105986905543 0.999967476275072 2.1388860034108612e-05 -0.9999673804604584 0.008065095835733059 0.0004384566219003594 0.00043826985845180365 -2.4924361465629947e-05 0.999999903649149 0.09194965686298862 2169.50341796875
0.0006502761381696337 -0.04594753202295038 -0.0004170738854850647 0.008669717835800962 0.9999624172890477 -1.4463409010958831e-06 0.999960854973291 -0.008669706847223865 -0.0017676833053412242 -0.001767629410362118 1.3879031196321732e-05 -0.9999984376455996 0.0920129668193954 2167.720703125
0.0008394010091335308 0.046793456168399576 -0.020392167201190522 -0.00793493750895325 -0.9999685178877936 -1.3519405383301725e-07 -0.9999654249820452 0.007934912629905918 0.0024871674719213433 -0.0024870880978829107 1.9870707843493273e-05 -0.9999969069941909 0.09195417459033374 2167.21142578125
0.0008591939821700964 -0.04595506581260988 -0.014467058057020145 -0.008506567689691867 -0.9999638184985166 8.215046871265781e-08 0.9999637656304342 -0.008506567213235219 0.0003251775650875018 -0.0003251651008564645 2.8482924606282326e-06 0.9999999471297707 0.0920029469917327 2159.75537109375
0.0006551514350243773 -0.045953858272835116 -0.0023642971793890973 0.00852884686276153 0.999963628715425 -4.179891503812423e-06 0.9999582212648068 -0.008528814488357645 -0.0032886240811891903 -0.0032885401192260903 2.3868454304420298e-05 -0.9999945924524699 0.09200508221180559 2158.291015625
0.007775042452645868 0.0082029234897828 -0.11275363093933673 -0.17608262981493317 -0.9843753794289726 0.0001408954348643656 -0.0010924508227731214 5.228316788175678e-05 -0.9999994019086563 0.9843747833161195 -0.1760826784227702 -0.00108458785087046 0.098876444734612 2154.428955078125
0.0006678870400465275 0.046783160109234764 -0.020424270112789137 0.00816097722576431 0.9999666982043391 -3.054558783265457e-05 -0.9999654174081628 0.008160917865784935 -0.0016010644294048703 -0.001600761831050938 4.36107818324126e-05 0.9999987178290081 0.0919557116224132 2154.022705078125
-0.008313231785684057 -0.06546675905427762 -0.028355498962952325 0.20457369204961118 0.9788511270710855 -0.0002748687998398744 0.9788473923725951 -0.20457367508588173 -0.0027191739972975545 -0.002717897452506789 0.00028721685598461443 -0.9999962652629836 0.09939576289408568 2154.022705078125
0.0012371505214933479 0.048260753374537946 0.00561689033505739 -0.01950586949232929 -0.9998097423670007 1.1107671359340239e-05 -0.9998058885963689 0.019505825151117085 0.0027763128785536027 -0.002776001328132235 4.304888144527803e-05 -0.9999961459742832 0.09260587971428658 2153.71630859375
-0.04549136660707018 0.0006007583204039671 -0.0007965972202777739 0.9999683400596323 4.206918353845656e-06 -0.00795731491680114 -4.2060822304593735e-06 0.999999999991147 1.2181089623444585e-07 0.007957314917243143 -8.833791883500836e-08 0.9999683400684742 0.0915002563376671 2148.415771484375
0.0008367349339407845 0.046797080565673665 -0.002451777884004901 -0.007857972872122925 -0.9999691256533224 1.5719571978556123e-06 -0.9999688339574658 0.007857971780614889 0.0007638018338093439 -0.0007637906043220349 4.430025883580845e-06 -0.9999997083021013 0.09194918625962734 2137.84033203125
0.000872572757100204 -0.04593727553641871 -0.0004131963041244017 -0.008893196654760734 -0.9999604547189416 -7.17966497410604e-06 0.9999587011991669 -0.008893194505604163 0.0018726952665307618 -0.00187268506042721 9.47487881714541e-06 0.9999982464789082 0.09202590859451366 2129.94091796875
0.0008387843034151771 0.04679437889290713 -0.016983551760980643 -0.007917133671938288 -0.9999686590029022 -2.5215906811806447e-06 -0.9999686480464427 0.007917133958484568 -0.00014803396081535056 0.00014804928505462563 1.349506968625112e-06 -0.999999989039794 0.09195242168163918 2125.87646484375
0.0008301111831520644 0.046805827877865684 0.011562623857983033 -0.007666791202954136 -0.9999706097232972 -1.5059205498205769e-06 -0.999969909645011 0.007666784053416398 0.001183311804760773 -0.0011832654813317483 1.0578079771228324e-05 -0.9999992998852074 0.09193855573853847 2114.68798828125
0.0008269722262831125 0.046809905513385444 0.024939586253334485 -0.00757620811490456 -0.999971300115773 -3.920496327440256e-06 -0.9999685055314341 0.007576196210844285 -0.0023641480928300166 0.0023641099445028775 -1.3990905112243005e-05 -0.9999972053903075 0.09193353979580399 2113.839599609375
-0.045485475074464425 0.00021130176821319152 0.012251378759921824 0.9998142283534016 1.019818857673297e-05 0.019274560386421162 9.913037396232063e-06 -0.9999999998400142 1.4889716517291874e-05 0.019274560535185642 -1.4695880992230542e-05 -0.9998142282945401 0.09150116811194067 2113.098388671875
0.0012273507275126078 0.0531182353545958 0.04443967725778443 -0.016868367732491885 -0.9997695920269031 -0.01327482686899043 -0.9946969066011253 0.018127029170698195 -0.10123968990271273 0.10145699664485544 0.011496680903847879 -0.994773493896978 0.09284866733320297 2113.098388671875
0.0006520019987236794 -0.04594986407275717 0.012996535429788625 0.008619846442374627 0.9999628483718352 -1.1108368021541386e-05 0.9999625734902283 -0.008619835833990121 0.0007416528805499492 0.0007415295746291744 -1.7500886217982444e-05 -0.9999997249137669 0.09201017506175703 2111.6552734375
0.00027603798012220543 0.04825825988835461 -0.005007745897589594 0.019562393846697168 0.9998086379695222 -1.3730093536080268e-05 -0.9998082812414479 0.019562398465385267 0.0008445870606708906 0.0008446940323367651 -2.794683499075551e-06 0.9999996432420271 0.092578092412992 2094.180419921875
0.0005632381299928782 0.0068865971155535445 -0.09747759232406839 -2.7944164211916806e-06 -0.9999999999960956 -1.1340269197284041e-08 -0.005121179395157402 2.565082828644292e-08 -0.9999868866748212 0.9999868866709171 -2.794321701547517e-06 -0.005121179395209085 0.09150016592303856 2082.0654296875
0.049507625955584535 0.000600707339054013 0.0094532119343105 -0.9999988371311501 -2.610725701140405e-06 -0.0015250342724580463 -2.6058211562142076e-06 0.9999999999914272 -3.2180097330912686e-06 0.0015250342808463132 -3.214032024396867e-06 -0.9999988371293801 0.09150027122390718 2072.5234375
0.0008688412784245633 -0.04594222228828268 0.0015868048087066054 -0.008785342037810215 -0.9999614081244504 -5.200484116413951e-06 0.9999596501539053 -0.008785336344547806 0.0018750811696734437 -0.0018750544947764157 1.1272955146558215e-05 0.9999982420202359 0.09201964455675815 2066.517578125
0.0008680032557754902 -0.04594332540200329 -0.050547385832189796 -0.008761121934457754 -0.9999616206335099 1.566478159736128e-06 0.9999596319075649 -0.008761107634589855 -0.001994379177279547 0.0019943163583539462 -1.5906584231688662e-05 0.9999980112226443 0.09201841337468239 2058.90673828125
0.0006678968902687904 0.04678319151414198 -0.02243770915040874 0.008160693075589014 0.9999667002904485 -3.739997647462864e-05 -0.9999659546972721 0.008160641285064128 -0.0012220393569541339 -0.0012216934556064077 4.737139129950039e-05 0.9999992526102468 0.09195584674917172 2058.90673828125
0.0006846339490081954 -0.04970489664622015 -0.00637516079245759 -0.0030433132574535244 -0.9999953691109862 -9.998679360715037e-07 0.9999920240375323 -0.003043305663503187 0.0025865328062960524 -0.0025865238712534486 6.871769619076873e-06 0.9999966549179262 0.09166266745921825 2054.576904296875
0.0011926944025811292 0.04832068538100263 0.019360583576774226 -0.01820373309193017 -0.9998342982106976 -1.493451276595067e-05 -0.999823275217007 0.0182036025348216 -0.004695443439227592 0.004694937257782586 -7.054272564853071e-05 -0.9999889762331727 0.09253437005059083 2054.576904296875
0.0008308731414706297 0.05051776605857915 -0.0064663062615494815 0.003033515682051342 0.9999953988574132 -6.827160060781834e-06 -0.9999953511697836 0.003033513428294447 -0.00030892572228219097 -0.00030890359058917253 7.764259345605915e-06 0.9999999522591428 0.09165914803583018 2042.1324462890625
0.0009390784461018598 -0.0478290310743812 0.007610643514781966 0.00032320240167930996 0.9999999477336396 -8.539640935656483e-06 0.9999974949110266 -0.00032322052321502695 -0.0022148815239353328 -0.0022148841683587482 -7.823764515125107e-06 -0.9999975471104466 0.09151886103313386 2033.93212890625
0.0006698690094200169 0.050534198875111284 0.007574028790355028 -0.0026729843000769015 -0.9999964275704057 -1.1653733320744514e-06 -0.9999955645940596 0.00267298046231907 0.0013137608824274436 -0.0013137530740890396 4.677030375954385e-06 -0.9999991370151204 0.09164420404343593 2029.984619140625
0.0012147262808073767 0.04829124187460556 -0.00044141877270473956 -0.01884877203151303 -0.9998223461084235 -3.892579764467952e-06 -0.9998217566339346 0.01884875669068933 0.0010859708323388657 -0.0010857045351054828 2.43611025895758e-05 -0.9999994103259257 0.09256852553278043 2024.0565185546875
-0.0003455677299521176 -0.049086691825450404 0.00960478642440268 0.0380142750850048 0.9992771960197709 -2.011532323547214e-05 0.9992741429752421 -0.038014208687903124 -0.0024712585716569007 -0.00247023700422043 7.384238076234509e-05 -0.99999694623356 0.09362260020880127 2022.3179931640625
0.0002650567928804484 0.04824323190974285 -0.010578995962213051 0.01988441114865597 0.9998022848842997 -3.651581531935524e-05 -0.9997980669176858 0.01988443333250896 0.0029042552751822816 0.0029044071563098257 -2.1240964404162882e-05 0.99999578197505 0.0925962898967751 2018.2396240234375
-0.04549160032843051 0.0002113008801710517 -0.006156609394039835 0.9999675628285561 1.0019834037933757e-05 -0.00805438950638986 9.935301242311792e-06 -0.9999999998951491 -1.0535257523093551e-05 -0.00805438961110688 1.0454893003070169e-05 -0.9999675628232586 0.09150099111988252 2012.1474609375
-0.0454917567541656 0.00021130172025234095 0.005220194997605221 0.9999715310261547 9.96929862407647e-06 0.007545663511025126 9.91433212239985e-06 -0.9999999999240478 7.321920955075015e-06 0.007545663583446433 -7.246902293366668e-06 -0.9999715310490436 0.0915008678160228 2009.990966796875
0.0012295794985365122 0.04827111355646913 0.04156911748312673 -0.019283961895578693 -0.9998140391630127 -0.0001261195927751098 -0.999812832824257 0.019283741722834317 0.001560969282703057 -0.00155824694589547 0.00015619765949493876 -0.9999987737336216 0.09259773815433267 2009.990966796875
-0.045492442036803964 0.0006007599625323309 -0.0023541153159415407 0.9999951754201281 4.2511569529948815e-06 0.0031063030107578546 -4.247134285712179e-06 0.9999999999901338 -1.301598029987957e-06 -0.0031063030162605046 1.2883988643054995e-06 0.9999951754283173 0.0915003041487343 2007.422119140625
0.0012163325023746632 0.04828900872001032 0.001594994136102191 -0.01889581995769204 -0.9998214580532021 2.1202345695563075e-06 -0.9998191585212609 0.01889578104645764 0.002144694029784597 -0.002144351175425427 3.840590110794529e-05 -0.9999977001388667 0.09257169076522187 2001.72900390625
0.0001559336477319831 -0.04778251177415045 -0.034533399550879994 0.023091947993227318 0.9997333439094125 5.4896105229073025e-05 0.9997321452813147 -0.023092005321038958 0.0015482188065404176 0.0015490736257201456 1.913001288548219e-05 -0.9999988000017522 0.09280407334630411 1999.7449951171875
0.0008372167956761656 0.050524967609712694 -0.004904585347201573 0.0028743889777412047 0.9999958689201006 -5.544191324419643e-06 -0.9999941475281602 0.0028743737424741225 -0.0018555012845826203 -0.001855477683280594 1.0877591317784972e-05 0.9999982785406406 0.09165093743415932 1999.7449951171875
-0.04649089023411051 0.00021152972833348577 0.009915316159570316 0.9999618423484838 3.647463726775552e-06 -0.008735778941948323 3.7458991223844505e-06 -0.9999999999296838 1.1251711130195423e-05 -0.008735778900293848 -1.1284005137995144e-05 -0.999961842291833 0.0915006583318002 1995.6915283203125
0.000665933733172884 -0.04596745460972302 0.020776034444689034 0.00821738675192669 0.9999662366460993 -1.1081835020520454e-05 0.9999409647859785 -0.008217100286352686 0.007109585485166351 0.007109254381165808 -6.950339437951455e-05 -0.9999747265163365 0.09198847216663077 1991.916748046875
0.0006804210166304683 0.0467993193285275 0.02334136457182639 0.007799104318505098 0.9999695864397811 1.2933777451429108e-05 -0.9999559511328591 0.007798930425893902 0.005222305830934651 0.0052220461323912925 -5.36625156917813e-05 0.999986363584287 0.0919361066681127 1990.671875
0.0006986569436766843 -0.04968891100645983 -0.004918836346137157 -0.0033951781951930366 -0.999994236365694 -6.447534259281799e-07 0.999993123552677 -0.003395175378856972 0.0014918550557712269 -0.001491848646315205 4.420364763427752e-06 0.9999988871834192 0.09168128317235895 1978.974365234375
-0.04548745199281328 0.00021128587067460042 0.008182525013788945 0.9998637008494324 1.0154692402538475e-05 -0.01650998548030396 1.031054769638556e-05 -0.9999999999030891 9.35494317196902e-06 -0.016509985383707394 -9.52389509392238e-06 -0.9998637008572346 0.09150096773261356 1974.7254638671875
0.0016909476162603118 0.04963659040835762 0.024849853325941963 -0.03292975664565616 -0.9994576677318902 -3.923250116757199e-05 -0.9994447770216606 0.032929531248726135 -0.005077760910361982 0.0050762989846437085 -0.00012799871270161953 -0.9999871073193634 0.09334869151939766 1970.19287109375
-0.04549105953511451 0.00021130254129281267 0.009138806487837884 0.9999540635025477 1.0001827986824109e-05 0.009584924867045718 9.893763877927328e-06 -0.9999999998869654 1.1321798984414105e-05 0.009584924979200975 -1.1226447917201675e-05 -0.9999540634884735 0.09150102459432913 1964.2376708984375
0.0006687476527934763 0.05053527699291672 0.020883280588562772 -0.002644865237560186 -0.9999965023334962 -2.94091653139829e-06 -0.9999904909280712 0.0026448595354782722 -0.003467386836308363 0.0034673824868567014 -6.229882342514326e-06 -0.9999939885918706 0.09164274200849663 1963.347900390625
0.0074538986706391 0.061394111843705336 -0.024369722782663826 -0.16741658638032533 -0.9858862417532537 7.018834762714652e-05 -0.985882191277934 0.16741610184637185 0.002855479571714864 -0.0028269286829159324 0.0004088572004144274 -0.9999959206466851 0.0989303813068077 1963.347900390625
0.0013319793480274372 -0.047819675474760195 -0.006492408070444842 -0.022291040985794586 -0.9997515238752085 9.841904397513108e-07 0.9997514383386139 -0.022291039485823224 -0.00041364056269548955 0.0004135597215193685 -8.236532928691803e-06 0.9999999144502547 0.09275932750295303 1963.347900390625
0.0008380117913982521 0.0467953499514122 0.03558139945209725 -0.007894832489305705 -0.99996883525748 -1.1565663087072684e-05 -0.9999673235530879 0.00789480044152768 0.0017389514260470467 -0.0017388059234715527 2.5294015377977533e-05 -0.9999984879559434 0.09195211411105698 1962.656494140625
0.0006580422661468036 0.04677008590099125 -0.012552683689860804 0.008445329515281126 0.9999643372138507 -2.66428810456513e-05 -0.9999621039340626 0.008445366962980053 0.0021134030908471478 0.002113552729912053 8.793485884456659e-06 0.9999977664062719 0.09196999687581729 1960.217041015625
0.0006678622185658095 0.04678316917488119 0.013025798517175982 0.00816169356203514 0.9999666927101956 1.5113993320222189e-05 -0.9999666879520843 0.008161695013388348 -9.859334183785884e-05 -9.87134137647635e-05 -1.430880119881493e-05 0.99999999502546 0.09195455394303745 1955.183349609375
0.049504702462358274 0.0006007045912521727 0.007004443816745414 -0.9999339005610831 -2.5811448251669604e-06 -0.011497586791858494 -2.5447591780277968e-06 0.9999999999917085 -3.179263173511548e-06 0.011497586799969301 -3.1497944364858556e-06 -0.99993390055936 0.09150025925188794 1939.4266357421875
0.0008594314961427804 -0.04595471449106742 -0.018426686830504125 -0.008513429827440607 -0.9999637600896466 -4.466396160597196e-06 0.9999626565718244 -0.00851342706791827 0.0014856047181168272 -0.001485588904272992 8.181362148949328e-06 0.9999988964787274 0.09200356313150014 1931.97216796875
0.0005769403847336319 -0.04782810071932507 -0.004969378699227575 -0.0003457681631209179 -0.9999999402219342 -7.110247416533687e-07 0.9999999154616351 -0.0003457683127861691 0.00022253313574567207 -0.00022253336829289688 -6.340798079641807e-07 0.9999999752392487 0.09151990287811514 1930.324951171875
0.0008252199138759353 -0.04969898136952276 0.011558938357999803 0.0031753478779028644 0.9999949585106953 -1.091086250604306e-05 0.9999945334514642 -0.003175356588605626 -0.0009220508250320299 -0.000922080822401803 -7.98297073069956e-06 -0.9999995748515244 0.09166970657465218 1929.683837890625
0.0006662053527559039 0.04678092469257868 -0.0049187428978296355 0.008209542259665676 0.9999663011310139 -4.271453985295781e-06 -0.999964811742958 0.008209522659358643 -0.0017259819166031858 -0.0017258886863664251 1.844082516404761e-05 0.9999985104829799 0.09195734425828411 1924.3271484375
0.0008236994455293051 -0.0496972416368721 0.007555447006523072 0.003213498349281528 0.9999948366702645 -7.821155793948912e-06 0.9999944855422097 -0.0032135037752504063 -0.0008380206785116266 -0.000838041484848209 -5.1281345974545155e-06 -0.9999996488300241 0.09167163495413501 1920.73583984375
0.001194660345254804 0.048318247348766497 0.015417096731752164 -0.018261268492036572 -0.9998332490229649 -1.4874258635195798e-05 -0.9998286233626907 0.018261229256810847 -0.003041613173490398 0.003041377603768918 -4.067200527525515e-05 -0.9999953741733306 0.09253631141355188 1918.82177734375
0.0011961406497596472 0.04831640104642008 0.011540124429456117 -0.018304593945868804 -0.9998324568829318 -1.97928729261385e-06 -0.9998323098958749 0.01830459018137365 0.0005422790534497877 -0.0005421519682841094 1.1905153264470107e-05 -0.9999998529647447 0.09253763904549411 1904.71240234375
0.0006765441464307992 0.04679465827554099 -0.008988141045955874 0.007911016265001024 0.9999687073389293 -1.2828316735951274e-05 -0.9999686717852784 0.007911019407334567 0.00026687061055555896 0.0002669637445266547 1.071669710693427e-05 0.999999964307755 0.09194056394723896 1895.824462890625
