0.03373237366962469 -0.019535462892392105 0.004868150409162826 -0.8774477923957736 -0.4796720284667291 0.0003416524495689583 0.47967181355798605 -0.8774477979035652 -0.0005596714899880684 0.0005682409484002148 -0.00032720146326561353 0.9999997850206902 0.07551976953772477 2434.85693359375
-0.015424458402614638 0.03559794065583992 0.04688568421302765 0.3716548072393709 0.928370860214714 0.0005001600323540682 -0.9283708435564152 0.37165438502456755 0.0007713146961242519 0.0005301794186987035 -0.0007509968058587031 0.9999995774567014 0.07616413382444327 2390.05908203125
0.0044613246775494775 -0.04109911541974582 -0.0530573797370676 -0.10997991960457386 -0.993933802190899 -0.00011893743850645836 0.9939324173316125 -0.10997996506214147 0.0016604403835505314 -0.0016634485590652152 6.439932412512105e-05 0.9999986143948493 0.07553332142563451 2331.508056640625
0.0379134848312377 -0.00956091294267743 -0.053117974916434704 -0.9749557496043066 -0.22239890455820538 0.00011646808265943877 0.22239885774011325 -0.9749557136502055 -0.000323259510245965 0.00018544378361342882 -0.0002892613495819356 0.9999999409692355 0.07616089972431402 2264.656982421875
-0.02304952493531503 -0.034072787372569614 0.044901793470735966 0.5508207083049962 0.8346234146553569 -0.0005504647259213107 0.8346235890635486 -0.5508204976730704 0.0004938844722780299 0.00010900029041450168 -0.0007314726400423504 -0.9999997265333195 0.07657962262507087 2181.711181640625
-0.009655631680028684 -0.03942247991065178 0.04499036926469731 0.23660106474621062 0.9716058888755787 -0.0013902745253224552 0.9716050717370639 -0.23660314467587296 -0.0015926406696550083 -0.0018763623781536008 -0.0009739773017116434 -0.9999977653137239 0.07666986264618372 2138.2890625
-0.028434897665986877 -0.03029512479300188 0.04486484677537815 0.6911476526581627 0.7227135579143185 0.0001882337332950183 0.7227129042133588 -0.691147337441691 0.001189970904439657 0.0009901053497456652 -0.0006864066492744149 -0.9999992742683906 0.07650083997397235 2103.849853515625
0.03255820546870512 -0.021185010976166305 0.004933742731399133 -0.8428150393848064 -0.5382022644258525 -0.0010639331148155553 0.5382023579713179 -0.8428156222694527 0.00022075477152188052 -0.0010155101681322371 -0.00038655586966290323 0.999999409656655 0.07595016049934643 2081.361572265625
0.006281860982015039 -0.04083565535132163 -0.05308711646762249 -0.1622835389478366 -0.9867441662397681 -5.812358544135696e-05 0.9867437093423443 -0.16228352003305654 0.0009545674369625981 -0.0009513463497476569 9.75574995359751e-05 0.9999995427112239 0.07594407868086037 2078.8955078125
-0.04046167097131338 0.007859155821220851 -0.05112847808626247 0.9781846764321752 0.20773597744300337 0.0007088505343303497 -0.20773484877512793 0.9781841615882759 -0.0014066350684494443 -0.0009855950764652858 0.0012286959107360867 0.9999987594535826 0.07617402809525252 2063.13134765625
-0.014055873721339145 0.0363524449124092 0.04689628222812975 0.3191956816330139 0.9476885751759172 0.0006937635593379433 -0.9476887596968475 0.3191952925275153 0.0006164191153872354 0.00036272729090472335 -0.0008542302467794933 0.9999995693597065 0.07594652398301446 2046.1923828125
0.018983814526949784 -0.036050305199748355 -0.05318422685605527 -0.4867424399300409 -0.8735452593278837 0.0006907074139335406 0.8735438101367885 -0.48674289823579925 -0.0016008712370431028 0.0017346304084043327 -0.00017584878587494966 0.9999984800661204 0.07635713556192517 2043.348388671875
0.0391795294675001 -0.005370205187139751 -0.053160888679007666 -0.9911279003531237 -0.1329060267815217 0.0012137490506309524 0.13290555601243384 -0.9911285994674836 -0.00046097575867232865 0.0012642478531845805 -0.00029557194337292286 0.9999991571569409 0.07574706129738888 2007.09716796875
0.03281197516271153 0.02162512248571179 0.0007579357858767503 -0.8282785913883175 -0.5603112306752457 -0.0024289559437143836 -0.5603098671890379 0.8282820962862152 -0.001273460763379302 0.0027253950883923063 0.0003061876949505303 -0.9999962392282824 0.0766035032349788 1970.4676513671875
0.004485260347744338 -0.04107093983789256 0.04884873610754634 -0.11064869840185834 -0.9938592747342264 -0.0007794656709611708 0.9938581943254344 -0.11064720022230391 -0.0017568879167768237 0.0016598536565958866 -0.0009690757055094405 0.9999981528873517 0.07557406553444322 1919.2880859375
-0.0005067342434546818 -0.04120734270957888 -0.05309065162108287 -0.00785532043100415 -0.9999691459344042 -3.3468560904078716e-05 0.9999688685874513 -0.007855343196437298 0.0007452779341115497 -0.000745517846289476 -2.7613121997898767e-05 0.9999997217202895 0.07414011173284102 1901.0205078125
-0.030504049324558184 0.02602812502767445 0.04091920347712092 0.7329175338572379 0.6803171012820971 0.0007281948565199695 -0.6803173986284665 0.732916456697011 0.0013056133019727217 0.0003545250629678249 -0.0014523105119353477 0.9999988825524538 0.07542996366738305 1899.272705078125
0.040002000936474415 0.005552563203884881 0.0009499214985121102 -0.9873243019006395 -0.15870466990994295 0.001884310269338768 -0.15870407442634032 0.9873260874425706 0.00046240223236248336 -0.0019338140794068108 0.00015749324403712883 -0.9999981177777207 0.0759248040650972 1873.887451171875
0.038812491120793345 -0.007771808121946774 -0.053157215603169404 -0.9827343376706154 -0.18501879265143995 0.0011260234899968292 0.1850182711332025 -0.982734926026935 -0.000551827613741316 0.0012086810899927687 -0.00033396502512384027 0.9999992137783831 0.07606541817879635 1868.4586181640625
0.03370946251074759 -0.019448468835587828 -0.05308210438160933 -0.8782307715695875 -0.47823651984182625 -0.0007368567467999751 0.4782366580456579 -0.8782310053353309 -1.3000548911287572e-05 -0.0006409131042628959 -0.00036380939014920373 0.9999997284365233 0.07550728474035906 1865.94091796875
-0.035370063292530264 0.01938043725929363 -0.05112908025988719 0.8508116799364127 0.5254707020819679 0.0001629026173762183 -0.5254699356987432 0.8508108954075605 -0.0014720504555347704 -0.0009121187081240318 0.0011668372931468614 0.9999989032644955 0.07591532938782825 1862.2294921875
-0.012184572406493663 -0.03913220552605834 0.04496038013658894 0.29024740916447317 0.9569508539844765 -0.0012265935314908778 0.9569508786787851 -0.2902485567232854 -0.0008894469914601955 -0.0012071740602531025 -0.0009156300728814526 -0.9999988521755203 0.07665596442324261 1826.16845703125
-0.0389389094125812 0.010386718514303665 -0.05118558743850552 0.9544168144307951 0.2984759127424603 -0.0008208802151156723 -0.29847663520228257 0.9544164437223948 -0.0009747772154974915 0.0004925140565166067 0.0011753573293066886 0.9999991879821964 0.07604405149764717 1803.3553466796875
-0.03050248190713055 0.02587966596340676 0.04698326102620587 0.7347468207070044 0.6783387188622011 0.0019214456373228043 -0.6783369553459949 0.7347493155108916 -0.0015551103504782742 -0.0024666724296471005 -0.00016077519762192825 0.9999969448345634 0.07540683064335206 1801.997802734375
0.03566747582263794 0.014400595155170445 0.0008005390211972782 -0.9203512880076239 -0.39108834277752835 -0.0018479194339357395 -0.39108729235460316 0.920353135521875 -0.000914162894759897 0.0020582568967549226 -0.00011865318973366986 -0.9999978747477256 0.07565605962037326 1800.4921875
0.03742270169403999 -0.012296374053366428 -0.05312390404668617 -0.9607605575787366 -0.27737895003747753 0.0002628252303228099 0.27737883127139373 -0.9607605385768525 -0.0004140966456243384 0.00036737380261384853 -0.00032494556892594795 0.999999879723426 0.07610145355572284 1798.080322265625
0.036025490415773326 -0.016166083855641007 0.0007910002748366059 -0.9219010162349148 -0.387421712626406 0.001712556759096138 0.3874222234171988 -0.9219023915227016 -3.615518044214063e-05 0.0015928174737563077 0.0006301510497454119 0.9999985329199985 0.07569904348709867 1785.004150390625
0.03254652729441231 -0.0211241868197614 -0.05303716012759745 -0.8434191398197273 -0.5372535005281854 -0.0016824850555890503 0.537253251759362 -0.8434207374792763 0.0006348731411789437 -0.0017601306038724901 -0.0003684564085239551 0.9999983830887588 0.07594598116570005 1776.6318359375
0.028775370774465847 0.02619398748592206 0.054874243551386495 -0.7409949663140686 -0.6715105753423086 -8.426537593866241e-05 -0.671510214683814 0.7409946876747889 -0.000951006329991538 0.0007010510037322629 -0.0006481058427695623 -0.9999995442430494 0.07671811640768045 1771.5421142578125
0.030163183861075617 0.0245714709346969 -0.039101720514525214 -0.7643406582773213 -0.6448124529590822 0.0005085401483952148 -0.6448101720075116 0.7643396670876224 0.002171495343252077 -0.0017889046465966844 0.001331850319547986 -0.9999975129943535 0.07686465507626725 1765.1693115234375
0.010965194903595876 0.03657242752880646 -0.001141354695852266 -0.3148949172387366 -0.9491262518559549 -0.0007410364872202839 -0.9491264764901092 0.31489451163927645 0.0006149511618460819 -0.00035031796856732015 0.000896982345281383 -0.999999536349889 0.07656911705317307 1759.787353515625
-0.002778680877726744 0.03901677345556723 -0.04316633942194698 0.03856577464426861 0.9992533806872895 -0.0023156448584601055 -0.9992554499571856 0.0385630787937766 -0.0011977832888933773 -0.0011075906056222469 0.0023601141853737293 0.9999966015462661 0.07473329485831051 1759.5009765625
0.007899867220015913 -0.04059703446965963 0.054940652443770895 -0.21160056221040355 -0.9773557184970731 -0.0010007963383725788 0.9773559531416653 -0.21160116313053728 0.0005372339814804918 -0.0007368383732273298 -0.0008644552466710144 0.9999993548929612 0.07616426920054879 1759.5009765625
0.015153541195288667 0.036014762785011326 -0.05121697938813396 -0.4006881158861396 -0.9162131993904847 -0.0015514671340489854 -0.916213529161154 0.4006895926880769 -0.0007869520487792732 0.0013426725883899805 0.0011061528445464575 -0.9999984868269577 0.07699902940261402 1743.27734375
-0.04085666456394023 0.005379331003341002 0.0048874142352974305 0.9879240878738291 0.1549381993699676 -0.0003885545717258011 -0.15493782767665226 0.9879238550161212 0.0008522000503996158 0.0005159006716954035 -0.0007817071562000439 0.9999995613901134 0.07592496245259638 1741.973876953125
-0.0005086070345494062 -0.041209084510809305 0.0029119620069471123 -0.007808245332784376 -0.9999694244662423 -0.000425954780905401 0.9999694144636511 -0.0078084350278254736 0.0004455105383695459 -0.000448822956878532 -0.0004224630972680361 0.9999998100414247 0.07415350259710289 1723.534912109375
-0.015380554378118014 0.035692632673375635 0.06089784664640395 0.3698928105593437 0.9290743384039498 0.0004271015949696471 -0.9290744332652896 0.3698928089580186 8.563835403825421e-05 -7.841741155367848e-05 -0.0004284861837600121 0.9999999051251455 0.07614741763946856 1721.5224609375
0.0253401894855022 0.029106953806408202 0.0009404005294605149 -0.6670111606650775 -0.7450471100969978 0.0009567049380677248 -0.7450445813863469 0.6670115267964323 0.002048137577313791 -0.0021640922044929454 0.0006533427925529127 -0.9999974449207988 0.07658813902465342 1718.613525390625
-0.028443747036916017 -0.030113943992159182 -0.03921547869816542 0.6935266147246748 0.720428904956724 0.0017399917780539346 0.72043060710919 -0.6935267499419367 -0.0006224590411578216 0.0007582933573576954 0.0016852352446473462 -0.9999982924852192 0.07652862668911728 1717.690185546875
-0.023123590759026313 0.032759760449869266 0.06092234636851582 0.5557898691659078 0.8313225161361611 0.0007039158932855287 -0.8313224265411043 0.555790228454383 -0.0004950600313674079 -0.0008027841260566355 -0.0003100317184240129 0.9999996297089218 0.07655961508148651 1714.372314453125
0.012073841046669052 -0.039620546041945745 -0.053143409206328596 -0.3207855818359256 -0.9471518142826223 0.00022624615701679728 0.9471517210201379 -0.3207856523303468 -0.0004273494876890071 0.00047734136366325966 7.720188293704904e-05 0.9999998830925391 0.07592713443482144 1714.0028076171875
-0.002778680877726744 0.03901677345556723 -0.04316633942194698 0.03856577464426861 0.9992533806872895 -0.0023156448584601055 -0.9992554499571856 0.0385630787937766 -0.0011977832888933773 -0.0011075906056222469 0.0023601141853737293 0.9999966015462661 0.07473329485831051 1713.338134765625
-0.031675528807654146 -0.026676022511917665 0.052689629871816454 0.7712672710065841 0.636500671089643 0.0037003211334795953 0.6364878537108014 -0.7712757068655632 0.004122629942598996 0.005478024522972575 -0.0008244400889092116 -0.9999846556552083 0.07686155552013543 1712.288818359375
0.03133063005271898 0.023786955928657438 -0.03912641832436556 -0.7831962351051179 -0.6217745989765656 7.338051721462792e-05 -0.6217733699156333 0.7831949111233728 0.0018993825863809696 -0.001238459093608197 0.0014419632392031045 -0.9999981934789136 0.07689167330982924 1711.265380859375
0.040023593039683995 0.005584460800462189 -0.039238719037384566 -0.9872134466414114 -0.1593936017399673 -0.001813972090826864 -0.15939577245390762 0.9872141254447131 0.0011217157627667021 0.0016119845556708807 0.001396512366940093 -0.9999977256269145 0.07597879540538552 1709.58984375
-0.03283537252166172 -0.024508162784770506 0.044793237154922526 0.7986640728748412 0.6017741891802224 0.0018772148136376884 0.601769119145479 -0.798665655191069 0.0026642937328219016 0.0031025701998751726 -0.0009982257791408564 -0.9999946887876202 0.07684503270224549 1708.8114013671875
0.01900157876343224 -0.03599380840422845 -0.04320333783166993 -0.48768545000724595 -0.8730170078589081 0.0020508145478237727 0.8730193405267783 -0.48768308088308 0.0015632295342897747 -0.0003645784136197957 0.0025527650629785592 0.9999966752310299 0.07645789179111331 1707.3133544921875
-0.014646835373795873 -0.038202987567604804 -0.07699878289586318 0.3412834641797067 0.9399446138679796 -0.005451599588468134 0.9399532670103662 -0.3412524943957796 0.005881403335710309 0.0036678214293743164 -0.007131474548262285 -0.9999678440613629 0.07700146638516195 1691.13818359375
0.03643730663827881 -0.014234933633501545 -0.055097039159517976 -0.9429782238973791 -0.3328543351109404 -0.0002466844111855359 0.3328544237816016 -0.9429780522671478 -0.0005705361289355296 -4.271256173079938e-05 -0.0006201131430739769 0.9999998068176449 0.07590773281583807 1688.0609130859375
0.016882983268179212 0.006285615335717247 0.121211920465314 -0.4041019169432302 -0.7622734443561889 -0.505609371701276 -0.16364886371123935 -0.48358503083551657 0.8598631096621326 -0.8999559378818649 0.43021473008390226 0.07067245495954042 0.0949089611114156 1688.0609130859375
0.014503344714930914 -0.03847872259195816 -0.005145652733207673 -0.37374363423957063 -0.9275315672420879 0.0009421437440651587 0.9275318686406018 -0.37374274239029287 0.000997580401260127 -0.0005731679263980258 0.0012467076720739383 0.9999990585988112 0.07618936446403178 1688.0609130859375
0.03254698543670134 -0.021126384384504336 -0.021065054766445303 -0.8433993155655023 -0.5372866182108981 -0.0008272817766649637 0.5372872475524698 -0.8433985621934892 -0.0011308879013210865 -9.01173248916794e-05 -0.0013982780306901474 0.9999990183482264 0.07598725634049057 1687.5966796875
-0.025064769036998898 -0.03208791154924642 0.044847383084938575 0.6208697144087038 0.7839136750006412 0.00038454784257435073 0.7839128510216625 -0.6208696632548596 0.0012260721371522025 0.0011998888043753932 -0.0004597790620114686 -0.9999991744346948 0.0765288707076151 1681.78515625
-0.033176135683430884 -0.023631238388393337 0.052912574990037875 0.8273155371355945 0.5617372866203006 -0.0004720534984862826 0.5617374372766449 -0.8273148285196619 0.0011072819649969156 0.00023146470738867668 -0.0011812416961291382 -0.9999992755458101 0.07664953239330823 1680.8673095703125
-0.004856655414793326 0.03877552492535866 0.05690323217287884 0.09399135449172097 0.9955726809476318 0.0008137761097320748 -0.9955729991359966 0.09399118270907987 0.0002469095092597525 0.0001693285830710842 -0.0008333808814033957 0.9999996384020035 0.07539589287429586 1680.294189453125
-0.035371754986904355 0.019388642246991914 -0.04313582542054438 0.8507316900478781 0.52560017740326 0.00021227798356988092 -0.5255983564484248 0.850729679468151 -0.0023195195043917965 -0.0013997310439192 0.0018617157887957346 0.9999972873799841 0.07594239629481826 1672.853515625
0.0008833632175176687 0.03887263273815394 -0.0011289672978721768 -0.043445298855811165 -0.9990554638611334 -0.0008283335949165728 -0.999055629083536 0.04344478100633257 0.0006332454592262584 -0.0005966605643739074 0.0008550628789855737 -0.9999994564316742 0.07483320719947686 1672.2362060546875
-0.03855341465777161 -0.012326211446820834 0.04499082803766283 0.9551068427680581 0.29625438587192593 -0.0020634314333471547 0.29625592365776 -0.9551084754051582 0.0004773959800139151 -0.0018293701975305324 -0.0010672679524119698 -0.9999977571693841 0.07605116710171958 1672.223388671875
-0.013996706705578205 0.03646325583863516 0.06093536612560926 0.3170303172867582 0.9484151281841631 0.0007228779118836271 -0.9484148500546706 0.31703086368275823 -0.0008388494154375432 -0.0010247520846110628 -0.00041964745007496746 0.9999993868894036 0.07591509638619148 1670.19482421875
0.03283287804431485 0.02175310026743961 -0.03910817130587297 -0.8269593735561681 -0.5622613611281977 0.000596883453480376 -0.5622590422090507 0.8269582814969629 0.0021840599239425227 -0.001721610220565575 0.0014705257076483341 -0.9999974368029109 0.0766619254580525 1664.214111328125
0.022538504420386872 -0.03391032720002358 -0.04324824629139943 -0.5839131117094967 -0.8118122130040596 0.00253155904218951 0.8118158599004082 -0.5839127388631107 0.0009607328148604619 0.0006982749413810593 0.002616144268170326 0.9999963340939179 0.07658496566253298 1662.5833740234375
0.019759348837842985 -0.0353544414170685 -0.05317395347105137 -0.5306336833902824 -0.8476010274230364 0.0006263889162883376 0.847599928776662 -0.530634015014926 -0.0013794371811203024 0.0015015956375940345 -0.0002010486315908887 0.999998852394336 0.07654113959676637 1662.45166015625
0.014620112317638843 -0.03822301630388035 -0.0430987532223218 -0.37847805694060993 -0.9256095562185502 0.0011444873783956271 0.9256059429404824 -0.378472222803991 0.003523486776980001 -0.0028282163499098833 0.0023929067480706863 0.9999931375712404 0.07624255606685028 1661.56396484375
0.02747740580102455 -0.029972527171799296 0.06291514267403397 -0.6953776731833445 -0.7186442164102372 -0.0006179467885892831 0.7186434779050113 -0.6953778819117444 0.0010737842080166381 -0.0012013753397471843 0.00030260213475959504 0.999999232564326 0.07520999765410792 1661.154541015625
0.038090844405847465 0.008410427151836382 0.06487321654303263 -0.9712646688104393 -0.23800197820324231 3.862500739113184e-05 -0.23800195918716077 0.9712646356435637 0.00027380878083472197 -0.00010268213521855947 0.0002567479674021184 -0.9999999617684295 0.07616789336715639 1658.6644287109375
0.037302501065710016 -0.012081150539988882 -0.08219969699210856 -0.9619129635622157 -0.2729769741285888 0.01438826350036815 0.27156537054654295 -0.9603022025752397 -0.06381167016355463 0.031236197765975155 -0.05747391864788062 0.9978582307243761 0.07850480580883867 1658.6644287109375
0.03741215576279612 0.010979621525146414 0.06086106769063064 -0.9572207590283839 -0.28935835487780165 -0.0004011826714351456 -0.2893583416423272 0.9572208426861989 -9.191912106135902e-05 0.0004106179804743789 2.8098661670536356e-05 -0.999999915301666 0.07604386528935503 1654.0643310546875
0.040111734987387376 0.002943241983606175 -0.07685162117690662 -0.9949232208372393 -0.10062230163372703 0.0017137831793639876 -0.1006306627317478 0.9949068603027326 -0.005814554215815396 -0.0011199808140512238 -0.005957494145249721 -0.9999816267844553 0.07567261361688228 1653.66650390625
-0.03514005486310143 -0.0213124364374493 0.04489210635249455 0.861016304922866 0.5085773466114306 7.190723666828069e-05 0.5085767380362464 -0.8610154770407974 0.001431720859333705 0.0007900540394107981 -0.0011961646561185423 -0.9999989725018372 0.0761180987320385 1652.8023681640625
0.04021601879256544 0.0030782954684389838 -0.039245430022215456 -0.9946045401830762 -0.10372018187520153 -0.0019830579887061 -0.10372252128698826 0.9946056477038834 0.0011154072838461932 0.0018566704289459388 0.0013150769231135978 -0.9999974116704525 0.07552038905103868 1650.8377685546875
0.013341326100240927 0.036173818765784224 -0.0011312432099834058 -0.36855750010603777 -0.9296047685399148 -0.0005860234114517656 -0.9296048053415731 0.3685570126106397 0.0007964555079630615 -0.0005244058002877837 0.0008383098302887735 -0.999999511117473 0.076899695240433 1650.302978515625
0.0025669010318034383 -0.041217759499057226 -0.053072488535238355 -0.05850803551235313 -0.9982869359011493 -5.8220099223221776e-05 0.9982861694976057 -0.058508062741555525 0.0012370869119290129 -0.001238374047971201 1.4259205133689352e-05 0.9999992331129021 0.07492695346168038 1648.71826171875
-0.014695369438133661 -0.03810641871367381 -0.04117806499252396 0.3431121073113033 0.9392931287258186 0.0015811846378882169 0.9392944214621657 -0.34311112759585843 -0.0008625137412650386 -0.0002676311865587742 0.0017811368170204797 -0.9999983779612781 0.07680132519171719 1647.2618408203125
0.007393563088121717 0.03833012913154336 0.060894360778122034 -0.19584653046386824 -0.9806342897962054 0.0007253834555777225 -0.9806344871365479 0.19584618133979903 -0.000525255231819885 0.0003730197114354694 -0.0008142054476977158 -0.9999995989628113 0.07651480574636098 1647.2618408203125
0.035949818649551185 -0.015965512229802935 0.022820257660174235 -0.9234055327995959 -0.38382561892262823 0.0003409600510437615 0.38382546333697626 -0.9234033062393562 0.0020851187931999553 -0.0004854783728978274 0.0020562793797565255 0.9999977680104402 0.07577910853595257 1646.1304931640625
-0.038133673430381466 -0.014001929507085707 0.05485377407005261 0.9374813283706549 0.34803371889623347 0.0011355472906404106 0.34803191623097424 -0.9374814460813983 0.001524315494237575 0.0015950677063540396 -0.00103381061486134 -0.9999981934956806 0.07588869535573538 1642.550537109375
0.03813476341100528 0.008490678771479465 -0.003145264659371557 -0.9708620239791036 -0.23963901815991268 0.00026715267456870145 -0.2396384267475148 0.9708611924464112 0.0014033629282683335 -0.0005956686784492609 0.0012984517262808013 -0.9999989796004495 0.07620917344152259 1637.435791015625
0.019437405334706094 0.03354405448056107 -0.04115088520186997 -0.5116196276554426 -0.8592115231180666 -0.0009566288928344865 -0.8592117513573324 0.5116181922990478 0.0014112540948895587 -0.0007231370355236466 0.0015439720809659599 -0.9999985466104644 0.07657526442862878 1636.9246826171875
-0.002777226955308826 0.03901826125215872 -0.0411622652329972 0.038527103141017593 0.9992558408031986 -0.0018512007600296318 -0.9992572682930745 0.03852562123964858 -0.0008296213362312026 -0.0007576853065645322 0.0018817887213182416 0.9999979423899753 0.07471366965538127 1635.969970703125
-0.015417422085161121 0.03561313037882215 -0.0010909821945186014 0.3713718753075368 0.928484179739357 -0.00024125566651454048 -0.9284827982399965 0.37137084437530044 -0.0018410107012114226 -0.0016197539902218356 0.0009077013329068057 0.9999982762361648 0.07617133014719168 1633.44287109375
0.023952058367283056 -0.03291812766104477 0.006924443212002075 -0.6086330346458326 -0.7934514022301065 -0.0008375182877237045 0.7934516111867601 -0.6086333258404654 0.00012402220844735307 -0.0006081471361097169 -0.0005890462217019592 0.9999996415907407 0.07636705447955787 1632.3919677734375
0.009610419742647418 -0.039940286372894415 -0.05312144759870027 -0.26735863366702206 -0.9635970919656052 7.320609434587987e-05 0.9635970897129982 -0.26735862373375335 0.00012252278870016924 -9.849032225776164e-05 0.00010329870484089549 0.9999999898145171 0.0761225700590565 1630.7894287109375
0.012130696486937383 -0.03951672053099055 -0.04306668739389045 -0.32285101157733376 -0.9464492211174951 0.001046981174295604 0.9464434446458397 -0.32284459203898125 0.004021874948459193 -0.003468488202313211 0.002289374864627265 0.9999913641388707 0.0760283624289193 1630.4769287109375
0.025248964775065934 -0.031080819431516516 -0.043211828098596514 -0.6535716778741784 -0.7568623789522839 0.001844236270378508 0.7568645904831058 -0.6535689620300654 0.0018983002354190394 -0.00023141644717545394 0.00263651239950589 0.9999964976182643 0.07598927927910513 1630.4661865234375
0.038401028986738514 0.00941194444103121 -0.0031467073835118693 -0.9708620239791035 -0.23963901815991256 0.0002671526745686983 -0.23963842674751465 0.9708611924464112 0.0014033629282683329 -0.0005956686784492575 0.0012984517262808017 -0.9999989796004494 0.07620917344152259 1624.2318115234375
0.01943628815785825 0.03354800417212558 -0.06510456623919186 -0.5115552622242874 -0.8592501024227291 0.0006893309583140239 -0.8592500387832428 0.5115541812674218 -0.0013001841459730874 0.0007645532265931661 -0.0012574236943989389 -0.999998917171422 0.07656251293685766 1622.40283203125
0.03603140497430002 -0.016181662413779652 -0.05310347454512788 -0.9217851762726712 -0.3877009285474293 -0.00028072659577619197 0.38770098481545967 -0.9217851770524843 -0.00018368299568371314 -0.0001875555468059493 -0.00027815424020092503 0.9999999437265661 0.07568392934751197 1621.314697265625
-0.016569267012139823 -0.03792170577549828 0.07497749260044786 0.3763214518961598 0.92648393680653 0.003111218770843793 0.926440616408397 -0.37626523702069975 -0.01150024689241133 -0.009484150546893522 0.007210149043558429 -0.9999290298012025 0.07718277379312748 1618.592529296875
-0.016732962815283275 -0.037544937521286674 -0.041244326737411616 0.383126919364536 0.9236933480627462 0.0020886366066964817 0.92369455166613 -0.38312903982266616 0.0007169845670681771 0.0014624912129266175 0.0016545661656032268 -0.9999975617621556 0.07698485094547566 1615.98828125
0.009472288051363971 0.03717447607274557 0.06082566524999689 -0.2626947173299015 -0.9648789292003475 0.0003707723749476111 -0.9648763363974023 0.2626930696414638 -0.0024508412172013455 0.002267365715980067 -0.0010015725315499944 -0.9999969279478682 0.0766929667988666 1615.98828125
-0.04111843313720245 -0.00397926508588578 -0.04113546271414521 0.9948227205258119 0.10162174776472144 -0.00088040153644775 0.10162029389382098 -0.9948220304927339 -0.001563174733451363 -0.0010346953926128534 0.0014656150781109042 -0.9999983906876486 0.07550171986087412 1615.1151123046875
0.007982483923741387 -0.04047617993669031 -0.05310303789577448 -0.21420055005277192 -0.9767897029390633 -2.4275654214674696e-05 0.9767895472510242 -0.21420052982492852 0.0005598248474212256 -0.0005520310044051155 9.620258496126114e-05 0.9999998430034039 0.07614190036199224 1614.0458984375
-0.03541272298125244 0.019589146314866253 -0.04110461886466741 0.8487699681348996 0.5287617416320982 0.0007495188265740972 -0.5287592857833529 0.8487690852025777 -0.0021581710446342134 -0.0017773266890741574 0.0014354757293633489 0.9999973902562298 0.07594375115905554 1613.717041015625
0.03742394478175276 0.011004157149543631 0.03490967115496587 -0.9570747702806237 -0.2898391340287211 0.0010772547390285592 -0.2898382353869545 0.9570752097422318 0.0009166267722294731 -0.0012966881151921037 0.0005650507448423205 -0.9999989996582936 0.07606327675823925 1612.8385009765625
-0.0059548750153081975 -0.040476509527853415 -0.039175085283567126 0.12463010121669055 0.9922021738407047 0.001477868903950935 0.9922032715879305 -0.12462984906010083 -0.00026186535441648435 -7.56367954755807e-05 0.0014989826671042575 -0.9999988736643852 0.07597552197524844 1610.0030517578125
0.03990225203204931 0.005409250691514128 -0.07669936494549481 -0.9878124388316829 -0.15554740686582072 0.005620489900543298 -0.15557743925299902 0.9878090990570821 -0.005370681103478648 -0.004716575546165736 -0.0061796470250883445 -0.9999697824823324 0.07614491732041326 1609.1890869140625
-0.04087288756165471 0.005403005983180987 -0.05115144071456014 0.9878432304571421 0.1554532453977256 0.00020133383237910837 -0.15545287572572658 0.9878425093664356 -0.00125702713800674 -0.00039429506635390216 0.0012104478255566605 0.9999991896734026 0.07594450584946795 1608.6414794921875
0.036926512141407256 0.012465026187227522 0.0008423098046387836 -0.9411721710613014 -0.3379263503992775 -0.0008521300254007504 -0.3379262116148742 0.9411725568171544 -0.00030626439370502056 0.0009054962035690761 -2.904530551652202e-07 -0.9999995900381863 0.07587467233274109 1607.6893310546875
0.030177071688221056 0.024805317850615863 -0.076632871955987 -0.7616093644099783 -0.6479788993492321 0.008632614968066228 -0.6480158476216537 0.7616237270242524 -0.002181665619892907 -0.0051611310988176826 -0.007255648271844548 -0.9999603583612385 0.07709064000777009 1605.89892578125
-0.04098062391450776 0.0028074020243808034 -0.043147252998962736 0.9952310249441 0.09754153425049816 0.0009252484933350061 -0.09753958484282987 0.9952297179292556 -0.0019590658850922424 -0.0011119250891659742 0.0018594747948370229 0.9999976529852874 0.07547341150399667 1603.5733642578125
