0.00038870282997395533 -0.04995643092688342 -0.05948313986652246 -0.0003083894675556075 -0.9999999524148568 8.137574691329008e-06 0.9999999490885121 -0.00030838879948083927 8.197146596096464e-05 -8.196895252345095e-05 8.162853413775428e-06 0.9999999966072293 0.07151805880657852 3310.56298828125
0.0015218361224516377 0.05232950053703995 0.028466504418085778 -0.03329072163948812 -0.9994457103029205 -3.1325199370279837e-06 -0.9994447331196099 0.03329069347285632 -0.0013982730662881176 0.0013976023016947915 -4.341873887333645e-05 -0.9999990224108318 0.07337632328176077 3107.77734375
0.013829076702261266 -0.05897440040654012 -0.07550750165929387 -0.3355029308837296 -0.9420391609221098 5.155185870701705e-05 0.9420388816736927 -0.3355028726680437 -0.0007535558827312331 0.000727174948163632 -0.00020425635191644625 0.9999997147479279 0.08732639541283439 2915.319091796875
0.0003910928960901075 -0.04858307788629539 0.00042928047396520826 0.01074921369073679 0.9999422254751225 1.0811579241705569e-05 0.9999392666385782 -0.010749208185533272 0.0024326030679951874 0.0024325787414248017 -1.533764758446624e-05 -0.9999970411583343 0.07211456546698775 2915.319091796875
0.0007305653346313251 0.05200167102860296 -0.0054139775544001355 0.0008677305406956475 0.9999996235096872 4.918587393461948e-06 -0.9999980022485506 0.0008677379907935298 -0.0018007025537322592 -0.0018007061438303337 -3.3560529667647282e-06 0.999998378721746 0.0715469550894339 2762.43359375
0.0010589195334219856 -0.05025953616808416 -0.015270749814220476 -0.019698561631626196 -0.9998059637442007 -3.913024018211379e-05 0.9997864999566837 -0.019698422334380117 0.006239123488188546 -0.006238683676024581 8.377987268526881e-05 0.9999805357140323 0.0726219727218377 2760.96435546875
1.7679090502410733e-05 -0.05019107158510306 -0.017345313544777603 0.021596421016772845 0.9997667690457097 -4.594745801687533e-05 0.9997585030860476 -0.021596429311191233 -0.004065679297740149 -0.00406572335650679 4.186775998561332e-05 -0.9999917340361765 0.07272677584852398 2746.003173828125
0.0008215998043430636 0.05057296837194046 0.06219112374074726 -0.012804219355611575 -0.9999179645418079 -0.0003408126483672063 -0.9998775872186335 0.01280676603833634 -0.008988733029939943 0.00899236034295781 0.00022567721909861263 -0.9999595424442207 0.0722643776183802 2716.20458984375
0.0007650939438891557 0.050952669164589674 0.04133510930650567 3.7176583225256714e-06 0.9999999980712788 -6.199694780784955e-05 -0.9982295310986861 7.398619765601496e-06 0.05947943499865021 0.0594794353426228 6.166605992323748e-05 0.998229529200885 0.07150258696565535 2693.07763671875
-0.0032536884241654573 -0.0543491552219391 -0.015415973512407753 0.12247503664555823 0.9924715931361578 4.707914628564158e-05 0.992468819852094 -0.12247458197212814 -0.0023703147774983796 -0.002346704084697056 0.0003370289739893771 -0.9999971896917559 0.07801209973700156 2680.34765625
0.00040811163677163115 0.05200433670427763 0.0004658502148723948 -0.0007938474257609275 -0.9999996849030605 -2.1151258316215879e-07 -0.9999989633548672 0.0007938471070494525 -0.0012012892915372459 0.001201289080923319 -7.421280477823424e-07 -0.9999992784517363 0.07154565670303528 2680.34765625
-0.007640669292642739 -0.06028499012818518 -0.0819606551754292 0.23604574669640876 0.970865329226593 -0.04126642669621895 0.9696086220403096 -0.23812745814768085 -0.05616434581847181 -0.06435468538985507 -0.0267549281790118 -0.9975683677254952 0.08364963615915993 2666.498046875
0.0007506938825035739 -0.049954374057464994 0.0044388458799356845 0.0003642411658569312 0.9999999336474736 5.781118112688212e-06 0.9999981829498275 -0.0003642513458537862 0.0018712076315262924 0.0018712096131469917 5.099536758839025e-06 -0.9999982492727566 0.07152112663042892 2666.498046875
0.0008384285474426698 0.05055615304854392 0.004282521468961409 -0.013291440218776283 -0.9999116649043066 -2.282211594323433e-06 -0.999889229400593 0.013291157281730413 -0.00669881084976438 0.006698249442900184 -8.675488515415603e-05 -0.9999775627122794 0.07228555231333797 2614.51318359375
0.0004057363596808791 -0.048598231783408906 0.014613166366222362 0.010326301443235559 0.9999466823052661 6.722700611720667e-06 0.9999425526271153 -0.010326239474181625 -0.002874060523114266 -0.002873837864616218 3.640072973801302e-05 -0.9999958698569283 0.07209140595150411 2606.63427734375
0.0005673564604766201 0.05385444314139159 0.004184213739749851 0.004958545517534089 0.999987706246345 -1.3510147371355371e-05 -0.9999535421974617 0.0049584877877843206 0.008266005420272064 0.008265970789938468 -2.747784440500597e-05 0.9999658359023413 0.07175806481852022 2604.00146484375
0.0005766020805494376 0.05386319796554733 0.00024485083968917005 0.004726405720625085 0.9999888304533197 -7.587222037001723e-06 -0.9999660675019761 0.004726349325982919 0.006747256233617604 0.006747216729685899 -2.430330587748856e-05 0.9999772369787985 0.07174594701756104 2600.800537109375
0.003154183548989928 -0.053900888983053376 -0.023535286635567164 -0.08285947571204436 -0.9965612393841374 5.8667514046561115e-05 0.9965601586346552 -0.0828594723347795 -0.0014690358992543165 0.0014688453957177638 -6.325783730944245e-05 0.9999989192452409 0.07585536318408526 2600.800537109375
-0.0009549302204387503 0.05369430037091622 0.0526485437371594 0.05044151628785012 0.9987270152584632 -4.926971081912725e-05 -0.9987185658732467 0.05044088648204065 -0.004116205897665085 -0.004108480822473903 0.0002568342417614864 0.9999915271748576 0.07414293781829087 2585.637451171875
0.0002598824317380788 0.05051164238626025 -0.01743617316904024 0.01454688378661277 0.9998941882843952 2.0178930434822147e-05 -0.999893169069812 0.014546897770346106 -0.0014276598990687138 -0.0014278023767636434 5.912279376463027e-07 0.9999989806894921 0.07230708745362903 2572.162109375
0.0007278562242615805 0.05199913068309794 0.004389673642392488 0.000935512626474897 0.9999995623923346 -5.591544160059353e-06 -0.999994749150007 0.0009355254722607998 0.0031026544289762883 0.0031026583022629177 2.6889424058041597e-06 0.9999951867405308 0.071550587227653 2557.81201171875
0.0003952820472477997 -0.04858724603833243 0.022653820832409518 0.010628209665322621 0.9999435189363294 9.825513102334033e-06 0.9999353084601401 -0.0106280825775913 -0.00405249990113525 -0.00405216658526569 5.2895696092726165e-05 -0.9999917885402914 0.07210908975724763 2552.2255859375
-0.0005421458359735828 -0.05158656346026782 -0.013219307383234243 0.03809176811615407 0.9992742378018936 -0.00012193124904487715 0.9992437907193928 -0.03809155955635006 -0.007802550820289733 -0.007801532575290335 0.00017537391305823087 -0.9999695522031996 0.07356912026205797 2530.73388671875
0.00022823272178257303 0.05047835711089945 0.032399691833606234 0.015465162837068664 0.9998804054366014 -5.9685516609473125e-05 -0.9998751160166012 0.015465275165614127 0.0032523276035390566 0.0032528616957770494 9.380286856182906e-06 0.999994709387404 0.07235784545253181 2527.4453125
0.00040813432475242384 0.05200424218342854 -0.0035769428833400995 -0.0007944150272276012 -0.9999996844508702 -1.7102003065608e-06 -0.9999971067829818 0.000794416862559098 -0.002270534631832706 0.002270535273979441 -9.355147278842227e-08 -0.9999974223314583 0.07154566348858123 2525.255126953125
0.0007293457189712152 0.052000591756442775 0.04244557805428804 0.000898246517199828 0.9999995947265605 -6.0826876105193706e-05 -0.9999982275086758 0.0008983459379395175 0.0016546764283325395 0.001654730401313199 5.9340460951241184e-05 0.9999986291720648 0.07155059162925817 2506.707763671875
0.00038934979056685914 -0.0499557756571319 -0.005406167355599476 -0.0003245680072307268 -0.9999999473243977 2.609726673174368e-06 0.9999979436408629 -0.0003245621326370303 0.00200184251814492 -0.002001841565678205 3.2594553435431143e-06 0.9999979963078535 0.07151875967878828 2490.14501953125
0.015112248309529126 -0.012731039795703388 -0.13174704611334914 -0.30163947975244376 -0.9179414583259194 0.25767635386499865 -0.20339624355908434 -0.20208821395459303 -0.9580137378381884 0.931473881738361 -0.34138516790734696 -0.12574806070927574 0.09553756895256384 2490.14501953125
0.0004080733093033556 0.052004343207641274 0.00608106553417608 -0.0007928885629694122 -0.9999996856636556 5.630974985719709e-07 -0.9999982737457762 0.0007928883897198195 0.0016804265736358422 -0.001680426491890165 7.692944846232002e-07 -0.99999858808211 0.07154560117923799 2480.235107421875
0.0064944895380836185 -0.06605663249505303 -0.0671080294944741 -0.12643714508801368 -0.9641405153468335 -0.2333381987775134 0.8810817450575348 -0.21722329286917116 0.4201297413436038 -0.45575059722216676 -0.1524700223054225 0.8769517007394548 0.08589601711668922 2466.9951171875
0.00027063204346311487 0.05052289292230175 0.0019724043645558357 0.014235194668897685 0.9998986744298796 1.0300918191191305e-05 -0.9998979388522656 0.014235171698781648 0.0012131635081908591 0.0012128939483676356 -2.7569485571957727e-05 0.9999992640638259 0.07229092070053662 2466.3291015625
0.0002654970116229144 0.05051703632759992 0.004325692778220799 0.014384074306649926 0.9998965438069727 -9.445190100500813e-06 -0.9998817091955582 0.01438391235644921 0.005447080088545026 0.0054466524131625465 -6.890713192653923e-05 0.9999851645046026 0.07229986246843302 2451.7451171875
0.0003763624938916896 0.05047529244119426 0.008407245656963198 1.2898581665009147e-07 -0.9999999999998479 5.361730990701775e-07 -0.998853717629929 -1.0317295865657808e-07 0.047867011363348394 -0.0478670113632858 -5.417326588507078e-07 -0.9988537176297905 0.07150003057849652 2447.73974609375
-0.00047047862837863025 0.05215153189527747 -0.07916970801169142 0.03602909866411298 0.9992890378301386 0.011105085410180347 -0.9977238254094026 0.03660204299519055 -0.05663442997864349 -0.057000633855065694 -0.009039320831456938 0.998333220131949 0.07382429954726452 2437.04150390625
-0.010234259764009962 -0.059842161838671484 -0.07922762416087845 0.28531750411623424 0.9584284452232656 -0.002972748189216631 0.9584201282681756 -0.2853283928531408 -0.00430882376737832 -0.004977908727295723 -0.0016197588578328976 -0.9999862983091048 0.08499557129135796 2435.853515625
0.0006250220400918285 -0.05184193279538695 0.0021847299196807502 0.003511458414478352 0.9999938348106049 7.64222869439698e-07 0.9999846523069813 -0.0035114228952428175 -0.004285447437117247 -0.0042854183330124735 1.581238160325174e-05 -0.9999908174276799 0.07169504737707635 2435.853515625
0.0005631804814144881 0.05386314892893728 0.004057415683032845 -0.004680023072733045 -0.9999890485557972 -1.2349512602927873e-05 -0.9999235157464894 0.0046798577557178676 -0.011448213335113266 0.011448145754606039 -4.122933449022499e-05 -0.9999344669821733 0.07176060159177225 2417.489990234375
0.00024151579144039703 0.050492426884848354 -0.005439048339178429 0.015079663287789142 0.9998862952212971 1.9589694026097502e-05 -0.9998853897662772 0.015079675995638657 -0.0013456239469129291 -0.0013457663492785954 7.04107184746206e-07 0.9999990944558086 0.0723363634919142 2416.03173828125
0.0006939517187557753 -0.04864172664053225 0.012593777825152825 -0.009116004777214623 -0.9999584483602749 -3.132708445975173e-06 0.9999558008638386 -0.009115987850612236 0.0023011050100081613 -0.0023010379530539484 1.7844314281138888e-05 0.9999973524494546 0.07202191549596006 2414.03515625
1.3189754872577897e-05 -0.05018560187515654 0.00025270290637913147 0.021727574573847462 0.9997639273275535 4.601874664838818e-05 0.9997351723565974 -0.021727298716634404 0.007583511297809674 0.007582720901086066 -0.00011876474764261343 -0.9999712437058735 0.07273719447057422 2412.648193359375
0.0007370173218325879 -0.04859720784594148 0.024505525744712306 -0.010358744276668866 -0.999946346752035 -5.854009637404635e-06 0.9999463162312691 -0.010358742513291828 -0.00024720246495867786 0.0002471285615650237 -8.414402491174247e-06 0.9999999694283358 0.07209212722397133 2408.592529296875
0.0007505643230377654 -0.04995431793728709 -0.005456113522723625 0.00036748120190805274 0.999999932466892 -4.876238676822843e-06 0.9999996540719466 -0.00036748473824129644 -0.0007461976649408849 -0.0007461994064911311 -4.602023375221629e-06 -0.9999997215825952 0.07152129455561086 2397.88818359375
0.0007133428309016865 -0.048621381576021985 0.022672800863517518 -0.009675376149918152 -0.9999531921943737 -2.272970549180446e-05 0.9999427838315 -0.009675379148755152 0.004562466617703606 -0.004562472977171561 2.1415175712582133e-05 0.9999895916366943 0.07205380468547976 2393.396484375
-2.3991984521729015e-05 -0.05014600346700253 0.004239518173019612 0.022814508374988336 0.9997397132875202 6.231689025030105e-05 0.9997080257063218 -0.022814281462101103 0.007960646942099449 0.00795999660655169 -0.0001193195510105671 -0.9999683116063571 0.07279798686956787 2380.7548828125
6.1569045290074675e-06 -0.050177914228026026 0.005724868455127077 0.021933072156318175 0.9997594395607217 5.792251819101474e-05 0.9997242748541559 -0.021932786563214294 0.008386127885083522 0.00838538091670433 -0.00012602700051940992 -0.9999648341337193 0.0727487275829821 2374.49267578125
0.0008192265494119735 0.05057628100932345 0.005798948020180345 -0.012735461030384117 -0.9999189007232668 -2.9525480876632287e-06 -0.9998995656516219 0.012735233131912589 -0.00621871745411466 0.006218250722015153 -7.624598224542679e-05 -0.9999806635853057 0.07225225611208957 2369.385986328125
-0.0009567476349503015 0.05369250916269327 0.05997598219901819 0.050496256725933 0.9987242449228627 -0.00010324692038336523 -0.9987237184219132 0.05049633625340504 0.0010267845393038583 0.0010306882049235223 5.126637254197928e-05 0.9999994675266498 0.074137537196095 2362.9580078125
0.0007650437239238861 0.05253013491452266 0.044494852780837986 4.3502777755073076e-06 0.9999999980909946 -6.163672591019119e-05 -0.9999533083988833 3.754455253816201e-06 -0.009663384915863273 -0.009663384666003489 6.167588640140649e-05 0.9999533065062999 0.07150254211699598 2362.80078125
0.013828430046812092 -0.05897566343679357 -0.07751198126632337 -0.3354785712312533 -0.9420478361451948 5.156348371134678e-05 0.9420474114545527 -0.3354784710469511 -0.0009327570831613147 0.000896000230518557 -0.0002643447672089361 0.9999995636526201 0.08732796733232276 2353.753662109375
0.0003900237071785481 -0.04858199583580023 -0.0020584745565706813 0.010780099661211694 0.9999418930360738 1.651468054140711e-06 0.9999397123480724 -0.010780079600992712 0.002088433156814168 0.002088329607261145 -2.086214907522619e-05 -0.9999978192197333 0.07211649605984356 2353.753662109375
0.0014975800509907586 0.05234344830749291 0.06559784408604881 -0.03258164122673193 -0.9994615093243903 -0.0038894773407646905 -0.999204832845203 0.032662260596247605 -0.022866542185757757 0.022981267888494545 0.0031413550825416976 -0.9997309604160926 0.07345267006091596 2353.66015625
0.0005548096345831463 0.053871546598784605 0.00014288312398407936 -0.004469897357384486 -0.9999900099184328 -8.997081385809677e-06 -0.9999467284653143 0.004469787599939989 -0.009303828799313294 0.009303776068347517 -3.25905576661316e-05 -0.9999567184077147 0.07174866588438733 2351.98779296875
-0.002158170654094585 -0.053725297368055244 -0.02551594278805735 0.08741544494702118 0.996171941431162 -5.558762474958032e-05 0.9961714435658838 -0.08741534511078024 0.001006212217300804 0.000997501166598923 -0.00014333329307766665 -0.9999994922233659 0.076083582348269 2351.98779296875
0.009758969484005557 -0.05541843868052618 -0.07925107476433634 -0.27746691514417415 -0.9607312927180116 -0.002737552329053573 0.960720300515337 -0.2774773531837342 0.004777305503096996 -0.005349315666167 -0.0013044778755991985 0.9999848414647972 0.08580410979306438 2351.146240234375
0.0005031404306093321 -0.05185434490989639 0.002035730011284222 -0.003173763987113141 -0.9999949635982245 5.829349757082925e-07 0.9999948132095983 -0.00317376319010909 0.0005484351500721238 -0.000548430537834792 2.323535680712653e-06 0.9999998496092619 0.07167587539471074 2351.146240234375
0.0005729528614556931 0.053859474711167685 0.0016851369653054778 0.004818024870380947 0.9999883931968557 -1.0388435998376718e-05 -0.9999544060901089 0.00481794676705975 0.008244581852824806 0.008244536210517866 -2.9334638063839433e-05 0.9999660128035115 0.07175082140477261 2341.583740234375
0.0008257714857806756 0.050569949335907485 0.03640281337060935 -0.012924928912506536 -0.9999164696121723 -3.3071102112169653e-06 -0.999911310570128 0.012924872850891176 -0.00321226644560435 0.0032120408677213264 -3.8211498551968464e-05 -0.9999948406533632 0.07223873957730981 2340.644287109375
0.0007304111158597804 0.052001576703437115 -0.0035281729563013974 0.000871588986319783 0.9999996201613097 3.142475225851559e-06 -0.9999990638491031 0.0008715851867045562 0.0010548176049123925 0.0010548144653169985 -4.06183969103841e-06 0.9999994436748179 0.0715472042542945 2327.877685546875
0.003189402702472581 -0.053858329723486906 -0.03161788046186364 -0.08395925004679508 -0.9964691877150669 4.760309140707941e-05 0.9964609028707944 -0.08395874661753594 -0.004074054041540728 0.004063666017371033 -0.0002946199025349349 0.9999916998743601 0.07591904569807376 2316.822265625
0.0005772898013680222 0.053864706646095314 -0.007449351975809343 0.004709140282159558 0.9999889119235706 5.2646526583340585e-06 -0.9999884901204168 0.004709143131316596 -0.000918475725446833 -0.0009184903333206956 -9.393610259285106e-07 0.9999995781872236 0.0717441193355576 2316.822265625
0.0007300759456264905 0.052001247597590644 0.0019489278632232494 0.0008799747680435527 0.9999996128196816 -2.2123818011574183e-06 -0.999998295770091 0.0008799771997479675 0.0016229901545980869 0.0016229914730537841 7.841876459207621e-07 0.9999986829481645 0.07154752422361754 2305.83251953125
-0.0021746296551981917 -0.05370523766784875 -0.02807371715967498 0.08793187438175873 0.9961264906123811 -1.2960418575025634e-05 0.9961226569540725 -0.08793149985808604 0.002775542373361993 0.0027636516548789508 -0.00025696880990190677 -0.9999961480908619 0.07611301068769885 2302.97802734375
0.000559190932063594 0.05386829089272937 -0.0022757637157363544 -0.004579872117333659 -0.9999895123051277 -7.151333201496795e-06 -0.9999631274819375 0.004579803226444692 -0.007264232853440977 0.007264189420082198 -2.61181879854593e-05 -0.9999736150868728 0.07175442504119398 2302.97802734375
0.000855845567506397 0.05053857950658309 -0.003594178256059181 -0.013796012258243067 -0.9999048304922488 -2.0094277704938324e-06 -0.999899934514213 0.013795950995598598 -0.003129328138734477 0.003129058044082972 -4.116302266591796e-05 -0.999995103638694 0.07231471642930241 2300.51953125
0.000765172785253003 0.05049839036101917 -0.005333771245505735 1.7676981767086949e-06 0.999999999993674 3.086628410960702e-06 -0.9993169244508112 1.6524238312659258e-06 0.03695516883253967 0.036955168827205474 -3.1498455951289856e-06 0.9993169244474105 0.07150021856212972 2287.558349609375
0.0005580578769407429 0.05386746121529566 0.001533274339682312 -0.00455143034606439 -0.9999896421224754 -1.1382807755306516e-05 -0.9999169932499481 0.004551236893279424 -0.01205374849267444 0.012053675447278448 -4.347993376795806e-05 -0.9999273508699056 0.07175350863800686 2281.1904296875
0.0002462888897031834 0.05049743399178648 -0.0035248602610251202 0.014941176916475694 0.9998883743544179 7.951756290539853e-06 -0.9998877336136097 0.014941158337721616 0.0011322352081698523 0.0011319900132339895 -2.4867790131924106e-05 0.999999358989896 0.0723297217082428 2279.310791015625
-1.2179249855616414e-05 -0.05015865108325415 0.0017510449430017626 0.022469053204646622 0.9997475375583409 5.2859440795881576e-05 0.9997184232358322 -0.02246880232313595 0.007630672645647126 0.007629933875725659 -0.00011860943285670037 -0.9999708845965737 0.07277841563005279 2278.20654296875
-0.0128711202275405 -0.05860193612175772 -0.08081280113022464 0.34251675692626843 0.9394747061289415 -0.008339530481424147 0.9394233179471931 -0.3425928009665784 -0.01067719171699536 -0.012888014656983839 -0.004177232314995958 -0.9999082206924734 0.08771545221222321 2277.83154296875
0.0007093161720563845 -0.04862553692161903 -0.0036482330888694785 -0.009559193362718972 -0.9999543098454987 6.608069386135409e-06 0.9999434034242828 -0.009559119965483713 -0.00467045755227319 0.004670307325674037 -3.803811144251453e-05 0.9999890933318152 0.07204790744201765 2277.83154296875
0.015536695815729841 0.004579093519912824 -0.1267292515902074 -0.3613785468008599 -0.9324190428701934 0.0005238369317174667 -0.0009885554566111557 -0.00017866852283884423 -0.9999994954177068 0.9324186659812254 -0.36137888229750126 -0.0008571809615349232 0.08835748788109639 2271.90380859375
0.0005547993512622015 0.053871010772707444 0.005588360383294627 -0.004469639244429683 -0.9999900110771055 -8.428242678198967e-06 -0.9999330546102748 0.004469474621440781 -0.01067286720490861 0.010672798264277791 -3.927618766343788e-05 -0.9999430432952624 0.07174883746971955 2268.816650390625
0.00029830494329710633 0.050551807479562595 -0.025514436726115728 0.013433269658895002 0.9999097690537698 3.1892133749249874e-05 -0.9999094058069758 0.013433237559363315 0.0008534092888076926 0.0008529038702711131 -4.335332161308858e-05 0.9999996353376722 0.07222068080483166 2264.693603515625
-0.039375852676051044 0.0008057164998975727 -0.00969067961524631 0.999978942463011 0.004039978808275081 -0.005078700797166437 -0.004040073152577242 0.9999918388365697 -8.317331795573438e-06 0.005078625747215022 2.8835479393656246e-05 0.9999871032813548 0.09722602675799535 2263.48974609375
0.003156585431975202 -0.05389793698808534 -0.019403707514715908 -0.08293443340310744 -0.996555005865958 -6.293342662937376e-06 0.9965517042312336 -0.08293417488988733 0.0025736023698097058 -0.002565258257923405 0.00020716861298900123 0.9999966882601342 0.07586481991058579 2257.73486328125
-0.0005945615106239879 -0.05153005090648275 -0.06551194426563255 0.039650971232268906 0.9992135880840106 -7.660688814602992e-05 0.9992132296421272 -0.039650891571121755 0.0008535254916986439 0.000849816737665892 -0.00011038973083457887 -0.9999996328127424 0.0736488150572012 2241.6298828125
0.0007305928366913017 0.052001728223395084 -0.0020370250175395692 0.0008670424501285532 0.9999996241161382 2.2299061144736112e-06 -0.9999988107049188 0.0008670389006793178 0.0012754733602516287 0.0012754709474064301 -3.3357930098035093e-06 0.9999991865810364 0.0715469233241566 2231.37890625
0.0002742137509759088 0.050526467708696676 0.05462940334477938 0.014131365979911091 0.9999001452718034 -6.309491915492335e-05 -0.9998943196245815 0.014131068154172744 -0.0034150395778292848 -0.0034138069713776998 0.00011134742537036674 0.9999941667448432 0.07228659753545463 2229.86669921875
-0.01288921129787999 -0.058574989486962686 -0.07347705803455402 0.34315367636100474 0.9392792021187955 -0.00036724243535585726 0.9392792486992926 -0.3431535503310228 0.0003658662420428433 0.0002176300063836304 -0.000470491544784935 -0.9999998656374343 0.08759492310410061 2226.33447265625
0.0007197811436803273 -0.048614187888958875 0.004265744235584984 -0.009861171694883658 -0.9999513772516976 2.062127711161476e-05 0.9999258857553321 -0.009861067553677374 -0.007140192092376662 0.007140048264420364 -4.9790911376139286e-05 0.9999745082909098 0.07206552986068748 2226.33447265625
-0.041170847463990794 0.0004897608717940316 0.008548428221181093 0.9997900451661466 0.020477264707730918 -0.0007397410108728405 0.020477278498008348 -0.9997903184881932 1.1072110483031529e-05 -0.000739359174322101 -2.621766853595603e-05 -0.999999726330285 0.09808648482161107 2226.33349609375
0.0007317530820544413 0.05200276590321704 -0.007438956276531958 0.0008380143349762027 0.9999996488448464 6.492947701599854e-06 -0.9999989593504817 0.0008380213819450245 -0.0011743160208294104 -0.0011743210496912937 -5.508847285469697e-06 0.9999993104696245 0.07154542695015448 2225.512451171875
0.0010865733203647282 -0.0502309625422502 -0.005469845757149453 -0.02050514378618318 -0.9997897471935733 -2.2020881633363847e-05 0.9997896451854118 -0.020505151645489477 0.0004518141478547109 -0.00045217069417940065 -1.2751735368498122e-05 0.999999897689523 0.07266447560319782 2225.263916015625
-0.012884584764623168 -0.05858320162931731 -0.07925991279861222 0.342982570617468 0.9393379058492713 -0.0026934898066405177 0.9393309946470662 -0.3429909599192782 -0.003805773115318041 -0.004498749602592728 -0.0012247646128647407 -0.9999891305427558 0.08761716768623251 2222.224365234375
0.0007168059173300878 -0.04861777727524271 -0.002148732015410558 -0.009775308588960143 -0.9999522205054905 6.937550813720058e-06 0.9999412434422585 -0.009775233787512588 -0.004685559470298074 0.004685403412816205 -3.88656465469732e-05 0.9999890226819097 0.07206013996969542 2222.224365234375
0.0011009100443921185 -0.05021528160047213 -0.0021719180923461504 -0.02092357136124975 -0.9997810779126375 2.0232043477882738e-05 0.9997664803082403 -0.0209233752070319 -0.005403445384061311 0.005402685773155776 -9.28320561926963e-05 0.9999854010777586 0.07269097216145261 2220.913818359375
0.00021921833209812003 0.05046905899326105 0.026461662557279324 0.015726862683548656 0.9998763243600979 -4.212212086700141e-05 -0.9998752409003994 0.015726907656683175 0.0014720767394221818 0.0014725571300946276 1.8965717008590083e-05 0.9999989156073124 0.07237254066812891 2217.69189453125
-0.00047716282185428227 0.052223813305192275 -0.005393139948082654 0.03616228087236466 0.9993459295353935 5.062754543597002e-05 -0.9993422707711339 0.03616228549429103 -0.0027046178700168336 -0.0027046796671019394 4.721090484841435e-05 0.9999963412328211 0.0734078892011297 2215.821044921875
0.00028246484805156957 0.050535259476866524 0.0004748316440177658 0.013892213935450887 0.9999034984603159 1.260130210295766e-05 -0.9999028435457379 0.013892190409284126 0.001144777174865118 0.0011444916424169292 -2.850356722677354e-05 0.9999993446629989 0.07227152222148091 2215.75732421875
-0.00764263412032469 -0.05515911322983454 -0.08205889533418591 0.2390170345034078 0.9708505810417607 -0.017888725725237673 0.9705836881824426 -0.23941950465264134 -0.025408758845151314 -0.028951018140368493 -0.01128937920170502 -0.9995170776259282 0.08409027752398347 2215.342041015625
0.0007512704176951684 -0.04995484838717682 0.005920549881550731 0.0003498232219601708 0.9999999387820939 7.715040773909866e-06 0.999997231309923 -0.00034984022781613263 0.0023270118830474047 0.0023270144396242316 6.900976618885782e-06 -0.999997292474422 0.07152037701201795 2215.342041015625
-0.0004845580065613378 0.05221478191846979 0.004244040523100228 0.0363816621066157 0.9993379657028135 -7.047923637379658e-05 -0.9993064944401899 0.036381075920088046 0.007933945081475853 0.007931256648169228 -0.00021821975049517994 0.9999685232786687 0.07342597482427672 2213.8818359375
-0.0005417182162567105 -0.051586136637267285 0.0001513604650419764 0.03807905841650655 0.999274722107947 0.00012274443984343028 0.9992180302581272 -0.038078205999181554 0.010647921625946076 0.010644872811860077 -0.00028281437220329444 -0.9999433017420789 0.0735727990729627 2213.41357421875
-0.007332186042115482 -0.05932413787567255 -0.07818042459304185 0.20341799274242214 0.9686259015793929 -0.14277598894125273 0.946464901560468 -0.2318688409306929 -0.22459080729092842 -0.2506497762671609 -0.08944665111096044 -0.9639367127888927 0.08598818718946341 2211.407958984375
0.0007513126333667033 -0.049954987234512784 -0.0020107944773505027 0.00034876747838177407 0.9999999391778578 -2.3508310534006693e-06 0.9999997475853415 -0.00034876595633798977 0.0006190246852233311 0.0006190238276830832 -2.566726138537863e-06 -0.9999998084014381 0.07152015056817927 2211.407958984375
0.0007293267123551633 0.05200061876076746 0.005979916999820328 0.0008987204436891917 0.9999995961203364 -7.792835546686528e-06 -0.9999992410645786 0.0008987266916984027 0.0008427102711064849 0.0008427169343822539 7.035468683677339e-06 0.9999996448892725 0.07154877305089441 2207.777099609375
0.001098251595186013 -0.05021675287384921 0.0016580221937281033 -0.02084597028930006 -0.9997826975839164 5.598683035824638e-05 0.9997293406083734 -0.020845436251245106 -0.010330213659085576 0.010329135948601938 -0.0001593716500226171 0.9999466403519901 0.07268913498250236 2206.63134765625
0.013803592742061277 -0.05901522913436296 -0.08081234687450102 -0.33458980100135977 -0.9423314289099135 -0.007819408831294533 0.942266401892523 -0.3346630159867888 0.011605756982829969 -0.013553336503926131 -0.0034847983050353003 0.9999020768307187 0.08742157317712679 2205.892578125
0.0004020171200102146 -0.04859448520987821 -0.005439531138309846 0.010433697984753217 0.999945567450447 -9.086622768114346e-06 0.9999446747423375 -0.010433700811904282 -0.0013361668340565193 -0.0013361889101924666 4.855041155421175e-06 -0.9999991072874138 0.07209624343904733 2205.892578125
0.0010760628838409267 -0.05024010961172882 0.00014565482376488714 -0.020198505699824138 -0.9997959880326011 5.178232217896608e-05 0.9997388667411453 -0.020197905285328468 -0.010688449336327833 0.01068731465918911 -0.00016412190474967477 0.9999428755530868 0.07265336097076075 2196.7333984375
