-0.032149911382555234 0.023252834821371363 -0.06914878022713733 0.8003107454075356 0.5995853348510277 -0.00037015782493318765 -0.5995853561757843 0.8003108125776199 6.269694731688712e-05 0.00033383347980537676 0.00017176417066186393 0.9999999295261363 0.07510558548899046 3550.79541015625
-0.02096173613950035 -0.03435536005938987 0.030849926689750062 0.5145681093940979 0.8574493860568585 0.00045950549546270247 0.8574495076173259 -0.5145680669305633 -0.00021536515296040877 5.1782136360269674e-05 0.0005048228004201577 -0.9999998712362672 0.07522214339442138 3548.2412109375
-0.003659955341262719 -0.039548323596006726 -0.07112850408991342 0.07505643504331941 0.9971792866286526 -4.3328504894096816e-05 0.9971792870374121 -0.07505643351227816 3.594406561354195e-05 3.259059466027506e-05 -4.59041210446081e-05 -0.9999999984153326 0.07515484400223114 3534.14990234375
-0.04006188653462631 0.0047513585949458745 -0.029105233900342607 0.9914989275909722 0.1301148330111536 8.256168408854666e-05 -0.13011485920044166 0.991498733298528 0.0006207114172821371 -1.0960427850055079e-06 -0.0006261772064792439 0.9999998039504332 0.07525791052038083 3459.96484375
-0.00874237973337489 -0.03928661128388607 0.03085937578424014 0.2075112810238966 0.9782325201113109 0.0004525974975749659 0.978232608091899 -0.20751116972237174 -0.0002809024274286545 -0.00018086885335371787 0.0005010360530270679 -0.9999998581246556 0.07528449415004455 3445.6884765625
-0.007276915505469009 -0.039138884528136984 0.03088731159281883 0.17787795212252147 0.9840525081855465 0.00030867852663390483 0.9840521921684177 -0.17787760753550722 -0.0009164201961231263 -0.0008468985947316285 0.00046676672857951255 -0.9999995324456865 0.07537594365506618 3315.880859375
-0.034522981261101725 0.021148843630519408 -0.0691533180610779 0.8432428314016501 0.5375326099198285 -0.000469640826218508 -0.537532628545831 0.8432429448055846 9.635463361868162e-05 0.0004478150709883413 0.00017119691371838468 0.9999998850766327 0.07486393909017101 3293.5947265625
-0.03589357445921348 -0.019773840781451585 -0.031100140797189136 0.8707206791788984 0.491777690497984 -0.00044942041308968503 0.4917778496617486 -0.8707206298927079 0.000362300031861329 -0.00021314855223598117 -0.0005364771341521729 -0.9999998333799759 0.07472039014072672 3232.782470703125
-0.03725800047214198 0.014543636906948161 0.07087979324889944 0.926576479840377 0.3761063396596659 0.00021971441459376384 -0.3761063197618167 0.9265765052154296 -0.00012734984781749705 -0.000251479299538598 3.5363393827461657e-05 0.9999999677537957 0.0752045571602601 3086.509765625
-0.010617700242664688 -0.03919746338097524 0.030854987447282246 0.2517560615163495 0.9677906215431181 0.0004453571161401706 0.9677907230517563 -0.25175601407611536 -0.0001604726318253392 -4.318257569502203e-05 0.00047141244321505135 -0.9999998879527806 0.07503383410449259 3068.30419921875
-0.012505520452357262 0.03836099395134856 0.03283966251385806 0.29933688383583484 0.9541473178157881 -0.0005708593433595096 -0.954147437292508 0.2993370103486871 0.00014880742626036903 0.000312863535808252 0.0005001404282525503 0.9999998259879649 0.07521882373284317 3048.114013671875
0.030838387637344228 0.024672875029108695 0.0812459707525817 -0.7795577004437602 -0.6258324904336843 -0.024969693558578865 -0.6260961949217663 0.7775564918699931 0.05839055279165547 -0.017127357744923907 0.06115223518729167 -0.9979814916862315 0.07769832098300904 2999.5048828125
-0.03582265880490289 -0.0194906341727455 0.0708421409901043 0.8733176836022309 0.48715074202388103 0.0006148603218648749 0.4871506604836944 -0.8733178986405175 0.0002861894667878281 0.000676385935353574 4.9595289695187085e-05 -0.9999997700211603 0.07473265483949969 2887.93994140625
-0.03782814420822643 0.011701705502658082 0.07089989031307121 0.9493885541558451 0.31410323354425906 0.00072932497174094 -0.31410307690983347 0.9493888311089435 -0.00032317389884523636 -0.0007939229490440884 7.773438287457961e-05 0.9999996818218079 0.07526568482056618 2827.873046875
-0.012584343129950597 -0.03871282397838186 0.030852452468917557 0.3021431683533805 0.9532624403805634 0.000474949548382238 0.9532625586707661 -0.3021431270073326 -0.00015823619908036436 -7.337883572962994e-06 0.0005005616082687145 -0.9999998746921078 0.07523156881474706 2743.2548828125
-0.04002597326085491 -0.0053318989267093775 0.07990040917122157 0.9912997428786433 0.12937508898908234 0.024226145335220384 0.13059908927556663 -0.9897004474633693 -0.05862509847496623 0.016391999546387762 0.06127895756190647 -0.9979860678942354 0.07781803770654576 2725.87939453125
0.03696330181370758 0.013049368187114423 0.07090463606277018 -0.9406056969429686 -0.33949999079134435 0.000824094114221103 -0.3394998006882549 0.9406060558151924 0.0003648238233569952 -0.0008990055990681893 6.337557910367663e-05 -0.9999995938861519 0.07523399454534391 2601.743896484375
0.0019196755559703071 0.03935055591452536 -0.0791771296558444 -0.042472811481763934 -0.9981329693379549 0.04389345971135156 -0.9990686471879108 0.04276516588214509 0.00574271653408609 -0.007609105791930719 -0.04360867009747161 -0.9990197122186214 0.07659874140100412 2553.931640625
0.00411835521276098 0.03900612837586799 0.032888662731107236 -0.10045378004792609 -0.9949416994182423 -0.00022985391584386987 -0.9949414601199594 0.10045358164216854 0.0007542344617487842 -0.0007273296680311442 0.0003044568933690684 -0.9999996891487288 0.0752899441642807 2255.170654296875
0.03358114323634923 -0.02135929403789425 -0.0800862846741843 -0.8414049245489871 -0.540302499056667 -0.010533871929839844 0.5401592605707418 -0.8402742616231029 -0.046552534554189125 0.016301109299171723 -0.044859500296700786 0.9988603000764157 0.07658409073403682 2217.09423828125
0.0394175220636932 -0.006421918588611693 0.02037202742439945 -0.9877550370669668 -0.15601239409435094 -0.00034588695255957 0.1560122237426473 -0.9877550105546288 0.00047451775446003284 -0.0004156822213897716 0.0004147447095132175 0.9999998275975436 0.0752940166589477 2217.09423828125
-0.033386731661719064 0.02227095720989864 0.05038440591705015 0.821566223714417 0.5701130304130215 0.00026945298924440454 -0.5701130082150223 0.8215662676146644 -0.00016056689316550833 -0.0003129147647177316 -2.1702318199114616e-05 0.9999999508066784 0.07498349284441405 2159.33837890625
0.02951989761025474 0.02629564063843119 -0.019133116144794245 -0.7419100851414079 -0.6704993782565284 -9.655608403969704e-05 -0.670499021685188 0.7419098251641405 -0.0009344753179078847 0.0006982010270817342 -0.0006285559027852133 -0.9999995587163041 0.07513245540761129 2121.4970703125
0.030846883142028735 -0.02497335805928019 0.050318349310960374 -0.780999646445676 -0.6245306050850691 0.0010370939236404842 0.624529935799595 -0.7810003320333494 -0.0009168718294647039 0.001382585217154033 -6.838037309859257e-05 0.9999990418906619 0.0751222936035947 2099.91259765625
-0.0014593798285895063 -0.03982849033123653 -0.049145071068881205 0.0175230655117075 0.9998464437384215 0.00017640494366190953 0.9998464303122807 -0.017523107215785077 0.00023770842205184372 0.0002407630831763899 0.0001722124729575001 -0.9999999561880001 0.07469662184142095 2099.91259765625
0.03211452054327024 -0.023722343747710144 -0.0511132320907567 -0.8060216452475473 -0.591885967472071 -0.0003300031630474747 0.5918858742058356 -0.8060217088145022 0.0003418118541657215 -0.00046830335339001684 8.018354240872412e-05 0.9999998871312779 0.07508102772457177 2096.01806640625
-0.0036707745912837597 -0.03953644115640507 -0.05114151565072023 0.07534766331130337 0.9971573191984031 0.00010199304156427673 0.9971572968034781 -0.07534768490109756 0.00022762167094113843 0.00023465955474501633 8.455234459456981e-05 -0.9999999688928967 0.07515793364408242 2087.92626953125
-0.01252198484362601 -0.038824784235315185 0.04888579833958221 0.29992184633460317 0.9539637678800886 -0.00012515297468448792 0.9539637128063351 -0.29992187164381773 -0.0003248975554793192 -0.0003474766106092445 -2.1947521689814783e-05 -0.9999999393891539 0.07520321095575738 1941.874267578125
0.013359227480640494 -0.03831967168585216 0.050380452309168926 -0.3294108909821511 -0.9441866627246092 -0.00010409279655246462 0.9441866484176231 -0.3294109047039527 0.00016974103402778902 -0.0001945565227316343 -4.236848344596346e-05 0.9999999801763352 0.07529616044790458 1924.014404296875
0.03084830622298785 -0.024990412003401918 -0.051155406756594 -0.7808061782372397 -0.6247731235664489 0.0005060588687015457 0.6247730663839643 -0.7808063364841653 -0.0002835971700806666 0.0005723178611020786 9.473752863988288e-05 0.999999831738519 0.07512331602217476 1872.135986328125
0.03085014813625759 0.02451958383150467 0.03285992501614034 -0.780551035177804 -0.6250920315688738 -0.0001831719325475443 -0.6250920583163664 0.7805509965773233 0.0002457070530801629 -1.0614486485700159e-05 0.0003062862149741397 -0.9999999530380427 0.07513092956526699 1869.69091796875
-0.01053023835536021 -0.03933667329345701 -0.05112226898350626 0.24886299934182468 0.9685386962404376 3.799295394026347e-05 0.9685386596376555 -0.24886297866019705 -0.0002874711606248976 -0.0002689719034326901 0.00010833857994236546 -0.9999999579584327 0.07503563172671657 1864.9495849609375
0.009535578945353694 -0.03914839305778578 0.05034527023068897 -0.23183942514961853 -0.9727540424927027 0.00023186289041619908 0.9727539192262795 -0.2318395153650028 -0.0005017421984439195 0.0005418267319707189 0.00010922191251494683 0.9999998472471714 0.07514048305205878 1857.0767822265625
-0.03452534466501576 0.02116115706556357 -0.051124821314256594 0.8431204260657684 0.5377247762614278 0.00011020560362837942 -0.5377247544560045 0.8431204283710699 -0.00017806912581513806 -0.00018866877657806476 9.087343607567205e-05 0.9999999780730555 0.0748613617660096 1814.4053955078125
-0.02096726724486185 -0.03433563663011715 -0.05111733151860919 0.5148872120572434 0.8572579242613325 -0.00010075252102363372 0.8572578302900902 -0.5148872052412975 -0.0004222382416489038 -0.00041384326255056804 0.00013103418349757977 -0.9999999057818939 0.07520779666918251 1812.9599609375
-0.03929381339771789 0.008411131176582886 0.02032651822960991 0.9756853800954318 0.21917429079811815 -0.0008181205135349777 -0.21917452553761924 0.9756856481654481 -0.00020813295936425121 0.0007526110497654506 0.00038238346095431863 0.9999996436796849 0.07528390445873984 1783.484619140625
-0.03216332432997678 0.02337124489194821 0.050363756321870755 0.7990102611643534 0.6013173667755558 -0.000164219924892174 -0.6013173170484771 0.7990102692804959 0.00027166510787725117 0.0002945703537228647 -0.00011831492415218018 0.9999999496149415 0.07510736184733208 1752.896728515625
-0.010531772333949932 -0.03933424032253121 -0.049125949843523205 0.24891364441537434 0.9685256773605249 9.958510363304005e-05 0.9685256559310835 -0.24891361220127445 -0.0002597386720329703 -0.00022677548540071753 0.00016110322726849133 -0.9999999613093139 0.07503735693946703 1752.746826171875
-0.00874483250755026 -0.03928306331597294 -0.0491409721295612 0.2075878642552047 0.9782163583592739 0.0001866876634839012 0.9782163645276227 -0.20758788745201506 0.00011468901911735786 0.00015094477230075468 0.00015881287894328142 -0.9999999759970724 0.07527073394477872 1716.2705078125
-0.008743644061968363 -0.03928478177378244 -0.051142567514495446 0.20755069996981929 0.9782242499254552 0.0001542718992414168 0.9782242326618633 -0.20755072982860664 0.00021255757239884527 0.0002399482171054374 0.0001067960373214574 -0.999999965509729 0.07526881387948053 1711.54833984375
0.030860815913558978 -0.02514524567645239 -0.0031209898151495284 -0.7790391887324553 -0.6269751924983975 -0.0002245232159206011 0.6269747160521952 -0.7790389565521325 0.001004791238525914 -0.0008048915120480024 0.0006420013717577627 0.9999994699918057 0.07514300636413876 1700.6798095703125
-0.024794075308212114 0.031326382704101756 0.00038324674952375855 0.6074968475427821 0.7943220668766978 0.00018519803546792748 -0.7943220305003564 0.6074968757710544 -0.00024039592085999152 -0.00030345901267193843 -1.0671154929721918e-06 0.9999999539557434 0.07520706517004319 1693.5377197265625
0.029523355985927986 0.026465335950908504 0.05039637658787976 -0.739837989211524 -0.6727849074206974 0.00046697577338719625 -0.6727848085743688 0.7398381353635795 0.00036716929636806294 -0.0005925124465074585 -4.2528412382014885e-05 -0.9999998235601519 0.07510532674642584 1689.7662353515625
0.03209178960683051 0.023242923718342006 0.08123737604562593 -0.806553766641906 -0.5907208435605218 -0.022801458262569487 -0.5909603112268991 0.8046760364051783 0.05711730902151508 -0.01539259790811387 0.05954293760302791 -0.998107061647818 0.07751266411060946 1678.22021484375
-0.012501766301632806 -0.03886095727455216 -0.04913059060644836 0.2992033088734492 0.9541893755509022 0.0001246794250975967 0.9541893765827625 -0.29920328813317365 -0.0001612045176297027 -0.00011651514406131574 0.00016720070798672832 -0.999999979234072 0.07520559345441337 1636.364013671875
-0.03446971471136848 -0.021367850259994957 0.0003850672855417006 0.8459612910176255 0.5332442440099745 -0.00026519808310129306 0.5332442558323307 -0.8459613246077391 -2.9828567933844738e-05 -0.00024025323382158634 -0.00011618154063298737 -0.9999999643901161 0.07485045253072005 1630.5142822265625
-0.027962644354574184 0.02769000522023532 -0.003152563005482294 0.6991506380381944 0.7149742573736674 -0.0004434227760544097 -0.7149743918460214 0.6991505577265903 -0.00034151868089003784 6.584221593852423e-05 0.0005558089332864086 0.9999998433706039 0.07503386884614921 1599.4390869140625
0.03211612094034552 -0.02373538022307522 -0.0031728959011523613 -0.8058802655286882 -0.5920780270969733 0.0007793974383169032 0.5920783247909328 -0.8058803968508238 0.000208048844095646 0.0005049199677433855 0.0006291267873477524 0.9999996746276029 0.07510342462560242 1591.111572265625
0.03768629663381855 -0.011314676541598005 -0.0011177340517428505 -0.9577754158188198 -0.28751720148329263 -0.0003342219360196088 0.2875171431540292 -0.9577754681437505 0.00021216636168403766 -0.0003811110497953781 0.00010711318906092858 0.9999999216405632 0.07524140622677988 1577.7645263671875
-0.036597405873339706 -0.017895346398212667 -0.0011299458702898541 0.8961227342286467 0.4438063149523989 2.635593287670662e-06 0.4438063144266721 -0.8961227328443081 -5.435680834900267e-05 -2.1762079746331117e-05 4.988006466497959e-05 -0.9999999985191955 0.07493516143046143 1568.959228515625
0.017807577210270563 0.03506503684968097 -0.003158943039156418 -0.45274923808906287 -0.8916376885400888 -0.0005998205237778179 -0.8916378629482297 0.4527492883696956 5.690209704268057e-05 0.0002208322610097256 0.0005605850710554846 -0.999999818488729 0.07536786224600663 1568.888671875
-0.024849644305823836 0.030977266182364613 -0.05312184421659259 0.6125879722706074 0.7904024082781342 9.600787219533198e-05 -0.7904023796442942 0.6125879769106187 -0.00022090086628373184 -0.0002334138448970194 5.9436363101796255e-05 0.9999999709926474 0.07521037143696215 1568.888671875
-0.027963941915234665 0.027657232267702177 -0.05714063753131104 0.6995766281587628 0.7145575562046665 -0.0002005114240029202 -0.7145574910325743 0.6995766526676412 0.0003147245958721413 0.0003651619489294836 -7.689703151996655e-05 0.9999999303717964 0.07501196316461922 1562.83544921875
-0.03449377402244693 -0.02149084432493683 0.002833098824101033 0.8447436894247884 0.5351703333427023 0.0009019350628555853 0.5351694922621358 -0.8447440849908362 0.0010224602107672097 0.0013090946812190309 -0.00038102868109169807 -0.999999070543698 0.07486653140289867 1562.511474609375
-0.015163486110721179 -0.03764729637369996 0.04889884152600017 0.3612658942268436 0.9324627956778574 -0.00029722905929288563 0.9324626368249195 -0.36126600797222164 -0.0005499175695746831 -0.0006201564300220612 -7.848852984578407e-05 -0.9999998046227574 0.07536153136802794 1543.57861328125
-0.0333919122599327 -0.02279850454885047 0.07085416774372337 0.8212064415284847 0.5706311097390756 0.00034203811863795885 0.570631072289877 -0.8212065124012746 0.00020815148399923338 0.0003996616428232896 2.42422389285069e-05 -0.9999999198414394 0.07498645449221174 1534.5823974609375
0.03912467337701159 -0.008576592077665618 0.02032947270766203 -0.9771836215119574 -0.212394965771112 0.0007405159444234314 0.2123951889097571 -0.9771838250815803 0.00023606549929852574 0.0006734810794623367 0.0003879613634250636 0.9999996979545626 0.07530007375348341 1526.609375
0.007867262952649237 -0.039360411313287234 0.05034331541606584 -0.1950362537340394 -0.9807960229843684 0.00014500840518074187 0.980795796329728 -0.19503630726178484 -0.0006668970093117095 0.0006823718383414664 1.2154539911158971e-05 0.9999997671104435 0.07531268514277588 1525.0235595703125
0.029520247360761767 0.026311887562664272 0.054848253823207835 -0.7417118356972433 -0.6707185475343593 -0.0004275278064890421 -0.6707183070201398 0.7417119439949784 -0.0005871654178016758 0.0007109252166532415 -0.00014875681332325558 -0.9999997362283388 0.07511317193555546 1522.3837890625
0.03940761661013149 -0.0064074604008233504 0.0003959787978527154 -0.9878045637228348 -0.15569775092326898 -0.0005951854967069185 0.15569773829418196 -0.9878047426977098 6.777896217158522e-05 -0.0005984800884020154 -2.5716667545277237e-05 0.9999998205801022 0.07527833997015676 1518.377685546875
-0.03590009340354609 0.019306935345524273 -0.0511273642081578 0.8704781642245899 0.4922070313289976 6.259779387432317e-05 -0.49220702053256316 0.8704781622149995 -0.0001343326264418528 -0.00012060947584200577 8.612254444577943e-05 0.9999999890181309 0.07470048534396126 1504.573486328125
-0.015235157046030984 -0.037496175003908505 -0.05111320414941311 0.36409893995307546 0.9313602720200478 -7.501859347232638e-05 0.9313601392862901 -0.36409892919050546 -0.0005105986186905574 -0.00050286545794935 0.0001160390881412891 -0.9999998668306216 0.07537352033600413 1503.4515380859375
0.021392675598488405 -0.03383171208597546 0.0004063748175403836 -0.5389193581502192 -0.8423572159563077 -0.0004961222569562917 0.8423569582744116 -0.5389195830261383 0.0006617232157466253 -0.0008247773255988538 -6.129658459866757e-05 0.9999996579924875 0.07520061010629213 1494.107177734375
-0.039895431561342266 0.006179654183919903 -0.04513002585852288 0.9850555368469329 0.17223696221753176 0.0001348082995447834 -0.17223692693453987 0.9850555229797372 -0.0002400984435367128 -0.00017414748655801665 0.00021329133395530512 0.9999999620897293 0.07531310934310446 1493.626953125
-0.038658107687987456 0.010347348288870281 0.0504021579298971 0.9633095251152566 0.268391818314939 0.0007685595742804407 -0.2683917071061018 0.9633098312082614 -0.0002462807003772601 -0.0008064607187637141 3.096952837160496e-05 0.9999996743309455 0.07518504100335238 1492.669189453125
-0.007152094730303586 0.038814340238869205 -0.05713888647490815 0.174123397657119 0.9847238394533585 4.8995679454005043e-05 -0.9847237766660266 0.17412336818412902 0.000369216482100131 0.0003550449791101019 -0.00011253643884654963 0.9999999306393037 0.07536884825272619 1482.989501953125
0.039963331044796054 0.0014032017215223555 0.012400589057222567 -0.9985888360304613 -0.053106839662466696 -1.1678757849517864e-05 -0.0531068109658998 0.9985884818172827 -0.0008429773938473738 5.6430138364598235e-05 -0.0008411675929366098 -0.999999644626297 0.07498443008781605 1476.6337890625
-0.03446427672996441 0.02084702445622471 0.0043766490685236215 0.8462337744083588 0.532811785617914 -1.2539246839948055e-05 -0.5328116875695121 0.8462336325031654 0.0005872050970283445 0.00032348092867383565 -0.0004902317283404792 0.9999998275164558 0.07486321042755281 1476.09033203125
0.01144598697790411 0.03838386136247424 0.00035615512440205293 -0.2788210835004345 -0.9603430606313773 -9.639918227841819e-05 -0.9603429890738396 0.2788210999543733 -0.00037088671635518146 0.00038305661036962713 -1.0834757256540009e-05 -0.9999999265751179 0.07509337458762914 1461.521484375
0.03361585663902449 0.020998538705499163 0.004347083337388961 -0.8397484742742856 -0.5429752717712846 -0.0005951461245924161 -0.5429747746498689 0.8397486052965597 -0.0008209728420288221 0.0009455410800915774 -0.00036626135863001755 -0.9999994859022094 0.07488329585664694 1461.0733642578125
0.02627403233972838 0.029836875424055286 0.00038957493255783646 -0.6570292241686408 -0.7538650457303631 0.0003023479972464429 -0.7538649571607176 0.6570292936198137 0.00036563714010991394 -0.00047429255040787517 1.2304726501838975e-05 -0.9999998874475788 0.07516523346719572 1455.8143310546875
-0.04006248231971405 0.00020052395508585175 -0.047127937335601174 0.9999979401137359 0.0020139904772483244 -0.00025221150521630213 0.0020139295287634577 -0.9999979428378043 -0.00024167749808142215 -0.00025269772255602946 0.00024116906405541444 -0.9999999389906701 0.07453016003455597 1452.12451171875
0.032114787025468015 -0.02372457066058943 0.00033483826312178603 -0.8059971906780575 -0.5919189144861777 0.0007261491469994474 0.5919186996355684 -0.805997517458003 -0.0005048497536844791 0.0008841045279653321 2.291377564919034e-05 0.9999996089169947 0.07507899059004444 1450.1339111328125
0.02624171105663113 0.030158816257498382 0.018833992326955318 -0.6525845233504565 -0.7577156361617488 -0.000674239908321603 -0.7577157942741649 0.6525846873252642 -3.1241935937317795e-05 0.0004636711431179375 0.0004904942237930435 -0.9999997722122178 0.07518606514942863 1447.85888671875
0.009539585352894217 -0.03914219197592928 0.004294962820298754 -0.23196866554878212 -0.9727232516814257 0.00011765131247117909 0.972720519972382 -0.23196829773354805 -0.0023449672192162327 0.002308295513242422 -0.0004295170707548295 0.999997243639656 0.07515184135047068 1447.787353515625
0.011359438388023689 -0.03902382224179646 0.05037097117568936 -0.27584640601092253 -0.9612017270646142 -1.3373867257912881e-05 0.9612017269194912 -0.27584640560614077 -2.609905235012825e-05 2.1397320981544128e-05 -2.0054314094971696e-05 0.9999999995699896 0.07507541525855202 1445.8536376953125
0.01148079995827183 0.03832455250986937 0.07286213343802135 -0.28002134075701895 -0.9599937200753157 -0.0003257861234204187 -0.9599937660206714 0.28002127458467724 0.00023448117415848473 -0.00013387340914584512 0.000378412380309782 -0.9999999194409869 0.07511507002290083 1432.8231201171875
0.027989641666849266 -0.028684377117139254 -0.05113767187844982 -0.6991358088194698 -0.7149888777158453 0.00015990304024023907 0.7149888893999133 -0.699135814720245 2.4700977683761953e-05 9.413301800200658e-05 0.0001315982351646067 0.9999999869104399 0.07501728927402011 1430.9827880859375
-0.014801180053325813 0.021359652407079613 0.12410591325288786 0.2748775351445363 0.46284351248077804 -0.8427444592682417 -0.41517905333105504 -0.7334396706792217 -0.5382309942293224 -0.8672189425675588 0.4978374558311292 -0.009443157501334997 0.09453401899987289 1427.70849609375
-0.019054902956745744 -0.03527411563245676 0.07286050019205487 0.46616058090372614 0.8847000620885164 0.00033608343548260206 0.8847001059545859 -0.4661604560287449 -0.0003895625970243666 -0.00018797724622654374 0.00047893177750828197 -0.9999998676444452 0.0753287412975263 1426.8603515625
0.02797271479468607 -0.02870327121074183 -0.07779555337955782 -0.6989307346108912 -0.7147579508500203 -0.02483746993878899 0.715155877966053 -0.6988124883713834 -0.01460055844134411 -0.006920868939973486 -0.027967441657667964 0.999584875726039 0.076157652158355 1426.8603515625
-0.015165423524075829 -0.03764320918363917 0.012410951516166495 0.36134290858339296 0.9324325355361928 -0.0009322499879847524 0.932432997849538 -0.3613428158528386 0.000271942760046044 -8.329355846674212e-05 -0.0009675252389250516 -0.9999995284784364 0.07539556945484421 1421.5208740234375
0.02952333658889464 0.026464029524902597 0.018863288709143798 -0.739854203275821 -0.6727672261370296 -0.0001316472069754609 -0.6727671921675338 0.7398540645623811 0.0005179705944921772 -0.0002510739189079704 0.00047179064330189215 -0.9999998571877278 0.07512260706874518 1417.9058837890625
0.015245266127146537 0.036951813536698554 0.0728799643643185 -0.38359976730909484 -0.9234994369050326 -9.250132980094233e-05 -0.9234992943472786 0.38359964769342947 0.0006030170437606859 -0.0005214024228343155 0.0003167421104673726 -0.999999813906957 0.07543376440383871 1411.3272705078125
0.02500549958342628 0.03060479802309974 0.012426268442906369 -0.6251783277139805 -0.7804812593432084 0.0010307137283744109 -0.7804817495132753 0.6251785525157003 -0.00012708686198749418 -0.0005451912026731989 -0.0008839052058207699 -0.9999994607389244 0.0752304404899617 1408.8157958984375
-0.03088909587280588 0.02441692672984305 0.048849477219883766 0.7702243340272673 0.6377729204506689 -0.00042096564878254573 -0.637772782398925 0.7702244468992666 0.0004235916103961105 0.0005943932924378565 -5.77801328984691e-05 0.9999998216790191 0.07510199678697176 1397.51708984375
-0.029500754395855353 -0.026731063966453087 0.012434161602807733 0.7364961504532445 0.6764407634654122 -0.0011462503576493504 0.6764412431955503 -0.7364966005961854 4.2594852863705425e-05 -0.0008153965970500865 -0.0008067419621049119 -0.9999993421476817 0.07512653501892062 1396.6693115234375
-0.00727455625902753 -0.039142089453476234 -0.07112876748540237 0.17780677844581955 0.9840654179080152 -5.306828586868632e-05 0.9840654177242412 -0.17780677480622256 6.687469146670855e-05 5.637317045085037e-05 -6.411343835053183e-05 -0.9999999963557664 0.0753600898773804 1391.8641357421875
-0.026194297976615342 0.0298526082133211 0.012411379961583209 0.6498971263648363 0.7600217791251525 0.0007876535824783916 -0.7600221723266088 0.6498969700922379 0.00047522297020489567 -0.0001507138694387392 -0.0009074802295147871 0.9999995768823917 0.07520068163696571 1384.013671875
0.009478110695580078 0.038742702943079355 -0.041121927913797145 -0.2299876786272239 -0.9731934969047601 -0.00029199648225415104 -0.9731933617153852 0.22998744399872761 0.0006755116871384801 -0.0005902480563960797 0.0004395284029845228 -0.9999997292109706 0.07516513452538863 1382.607666015625
0.029526022461870527 0.026617487714812836 0.004371426521727894 -0.7379745479251617 -0.6748285460870893 7.991477097732757e-07 -0.6748285038751473 0.7379745013434067 -0.0003545766219268787 0.00023868867561876742 -0.0002622078099246808 -0.9999999371373883 0.0751095393539985 1372.4539794921875
-0.012645289015531185 -0.03860280965468262 0.05685984489100037 0.304321316929162 0.9525694388598104 -1.4587910388552809e-05 0.9525693452064738 -0.30432128014306176 0.00044835811436790793 0.0004226528258476241 -0.00015034092806707195 -0.9999998993810922 0.07522637404033015 1370.319091796875
-0.027948615987687546 0.028018161493651224 0.004366628729463102 0.6948698790662075 0.7191354865734778 -5.5832262117908206e-05 -0.7191353596648267 0.6948697987678455 0.0005451972801000493 0.0004308668640459101 -0.0003386902141912838 0.9999998498213308 0.07505221750183634 1369.4713134765625
0.0019736690503117105 0.03934470404077746 0.01886488553247522 -0.0429301559134493 -0.999077961848737 -0.00047734832210942133 -0.9990780280357223 0.04293000108491951 0.00033000469943691594 -0.00030920785852789703 0.000491075373538239 -0.9999998316177249 0.07494464817148605 1369.40771484375
0.02496553775554785 0.030791027204396783 0.07915010877565015 -0.6226257172565045 -0.7821262102661068 -0.024815467466921523 -0.7825163909348559 0.6224032827512757 0.01680034341090207 0.0023052394912814454 0.02987883590794524 -0.9995508696588055 0.07637715723054239 1366.2000732421875
-0.03449309228804809 -0.0214872819274377 0.058356432239564535 0.844779660873048 0.5351142000163406 0.00034280619907623696 0.5351140882908874 -0.8447797207197854 0.00036874545989671757 0.00048691665689892425 -0.00012806823788088018 -0.9999998732553399 0.07485620076571689 1359.4615478515625
0.039133481984150266 -0.00859118397353182 0.06440067722716651 -0.9771176412736307 -0.21269799621242308 -0.0008231154697976321 0.2126977972416495 -0.9771179778365375 0.00032316742743119923 -0.0008730179876303737 0.00014069774712655877 0.9999996090217922 0.07528992383445127 1356.8670654296875
-0.024793785003104002 -0.03182132394015206 0.01241045657997818 0.6074720721730946 0.7943406150740934 -0.0008177856917063408 0.794341034785784 -0.6074718070338999 0.0005693104760858416 -4.455531816516633e-05 -0.0009954409472007404 -0.9999995035559489 0.07524480023238478 1355.319091796875
-0.036482324790316475 -0.01752401698828615 0.06438388352887166 0.8992360608152029 0.4374635875454303 -0.0003413230700734978 0.4374634968658827 -0.8992361162779976 -0.0003099857047078251 -0.0004425374903982586 0.00012943394021513828 -0.9999998937037068 0.07498176102175814 1355.080810546875
0.03358649350454575 0.020841027378193135 0.022851605925919647 -0.841326564300251 -0.5405270934781778 -0.00027095897979264813 -0.5405271606676388 0.8413264315087698 0.00047352433903697467 -2.798778311662564e-05 0.0005448492932792453 -0.9999998511779546 0.0748861736343128 1354.4412841796875
