0.002241913476861309 -0.006867014398268971 -0.08788922601583048 -0.09924226437174946 -0.00621044111987345 -0.9950439203288789 0.23444025778104527 0.9716844368875388 -0.029446912267742542 0.9670515697179366 -0.23620073143757125 -0.09497618635443043 0.07267184710460457 2919.4033203125
-0.03320025707680216 0.0025286497344750407 -0.025169642722596235 0.9974951445771055 0.06115566085557091 -0.03554464362486533 -0.06141686476214293 0.9980923021896273 -0.006302779751726585 0.03509138452510773 0.008470032770213071 0.9993482142261442 0.0636490589515375 2892.546630859375
0.0040407274393148285 0.005239811414193003 0.0863688076285914 -0.1459250612641206 -0.011877344967992491 -0.9892243452177947 -0.15460774105458394 -0.9873677102244659 0.03466195626467437 -0.9771398686478115 0.15799978950177992 0.14224536412949226 0.0687861281405721 2873.85107421875
-0.039873096066205815 -0.01861334801839671 0.044157059323837504 0.9032050709176136 0.42862683835969984 -0.022352478754624136 0.4286488747627228 -0.9034621347151446 -0.004038972716555941 -0.0219258302775461 -0.005933344227436084 -0.9997419934127599 0.08015080863383092 2838.22119140625
0.013998883073782633 0.0036505122194151474 -0.08905699880104746 -0.37878920330715343 -0.008955199410423246 0.9254396489568893 -0.08842619358226246 -0.9950282136105412 -0.045822073366087596 0.9212489065103323 -0.09919001221158527 0.3761140701050432 0.06525497056638431 2831.666015625
0.00010322091365528295 -0.007786055372381029 -0.08896371302128352 -0.039617649521698245 -0.004463737619259496 -0.9992049423881179 0.2619150894650184 0.9649790290510519 -0.014695557227275396 0.9642774122403296 -0.26228905531522884 -0.03706108073083654 0.07272977120538177 2803.31494140625
0.03395905718321998 0.0008778306273206707 -0.04098134925720747 -0.999913601858627 -0.012622751356702898 0.003668101183712293 -0.012627743286796249 0.9999193677338042 -0.0013409438139262862 -0.003650879016054714 -0.0013871477989709892 -0.9999923734226146 0.060754750165649504 2794.405517578125
-0.03668532145439496 -0.0027567533713111075 0.02654602880872456 0.992837314298632 0.11317648443102922 -0.03827728710492386 0.11331587763987912 -0.9935579030451611 0.0014849818874945295 -0.03786263608075535 -0.005811769810930256 -0.9992660527210365 0.06606759526892396 2629.56689453125
-0.02530218984717896 -0.03821081812632322 0.044641030843257046 0.5553318052549444 0.8316279081186225 0.001268270684144625 0.8315950912235298 -0.5553223460018748 0.008166779285808973 0.00749602062520841 -0.0034805846086296047 -0.9999658470195714 0.08335624194817642 2629.56689453125
-0.001706217820065803 0.03710081109821447 -0.04151640187454673 0.07999649716713264 0.9967945712337007 0.0010692053178691376 -0.9967208028239698 0.07997738480548863 0.012298745367563148 0.012173810370229278 -0.002049555731765736 0.9999237959276558 0.06398699630693448 2623.678955078125
0.029267062822940386 -0.032393408076994534 -0.0409825198883995 -0.6796203237505751 -0.7335548457207307 -0.003674760509068055 0.7335598920621393 -0.679591077431796 -0.006771427683550247 0.0024698791360544107 -0.007297656796934196 0.9999703215107576 0.08234770497960463 2565.8056640625
-0.007092340637073168 0.03952046224357003 -0.04150471119887895 0.23371320537376156 0.9723051818096337 0.0008781002547040464 -0.9722082679224169 0.2336769427150149 0.014358628996442316 0.013755777594006407 -0.004209497535219225 0.9998965240030014 0.07106631541451391 2543.263427734375
-0.006387343805956888 -0.038701214174790964 -0.025660760061736572 0.2269329556931472 0.9739101205578214 0.0007146295696549491 0.9724180338622465 -0.22654455363812162 -0.05550434790525456 -0.053894350723015655 0.013290684405023848 -0.9984581897446638 0.0716527323522288 2515.2880859375
-0.0029012439776195525 0.03780251346602575 -0.02353894464157883 0.11816619195090856 0.9929912218840562 -0.0022769148051867186 -0.9915595563836532 0.11787200565318479 -0.05399848541901928 -0.05335163750133156 0.008638492027236487 0.9985384215098694 0.06593342090633492 2514.46142578125
0.0017043995130469579 -0.03183919455821172 -0.04519812079759015 -0.05201064903634752 -0.9986135537952254 -0.008115575351697631 0.9985953462579938 -0.051923989009958316 -0.010546743439186563 0.010110727901401535 -0.008652718749903268 0.9999114478990322 0.06315336240094441 2513.186767578125
0.03363275188278629 -0.000439673735678877 -0.029118687308681238 -0.9988661155545396 0.030206082220879282 -0.03679776887056763 0.030034643461293344 0.9995353165943893 0.00520298690250132 0.03693783140818109 0.0040918794483840535 -0.9993091879560807 0.061750557526211815 2511.832763671875
0.008264764503739086 0.010423244458639503 -0.09359833899181151 -0.1947974731191503 -0.975642072448531 0.10087859502753567 -0.31999581899234986 -0.03400666004567068 -0.946808440446088 0.9271766931355692 -0.2167166203614153 -0.3055769725704426 0.07119341142210417 2483.62451171875
-0.0005725740469946124 0.03631760266370734 -0.004934104188126598 0.04148124549743021 0.9991376234721897 -0.0018208883345610192 -0.9991070422363785 0.04146519756458328 -0.008108979257956244 -0.008026482770044063 0.002155632917518837 0.9999654638141596 0.06210343375183119 2455.53515625
0.03754269462711042 0.003631957093299998 -0.029223884077901933 -0.9935616665034543 -0.10301546962426152 -0.04714899652137333 -0.1032085036475591 0.9946583384923331 0.0016716586085878718 0.046724935844914876 0.00652707329242832 -0.9988864688664696 0.06559196478182767 2427.453125
0.0354142005665474 -0.02168473064353766 -0.04461277726813674 -0.8558418724783741 -0.5172359279915806 0.001297731636055733 0.5172174588896037 -0.8557838083653597 0.010962370157150344 -0.004559553979480883 0.010053264861217992 0.9999390693102947 0.08069426747502585 2401.27294921875
-0.03366606696537286 0.0016102519830792014 -0.02989765850108778 0.998947895997298 0.04214542389828346 -0.018079389563953083 -0.04220900627199319 0.9991038382857124 -0.003149620975284705 0.01793044539608588 0.003909420313948318 0.9998315935999955 0.06246275331033105 2383.426513671875
0.00024030915766919125 -0.03092502631106392 -0.02690886450609665 0.016371560301172008 0.9998551527631773 0.004652473130353792 0.9997826285541352 -0.016309938903850078 -0.012987745544824195 -0.012909982753261596 0.004864091474905966 -0.9999048319512385 0.06108950364013212 2381.149169921875
-0.03263264771674881 -0.0012797594365111901 -0.014034930465134295 0.9969416248528125 0.07521287815665775 0.021223091085547797 0.07530009863201917 -0.997155324369021 -0.0033397946824447154 0.020911522705003724 0.004927681189409296 -0.9997691864506792 0.06422849503926994 2375.955810546875
0.0008950011965592579 -0.03095558543665186 0.018903712186533785 -0.01538777797395904 -0.9998774598586511 -0.002877769211791028 0.9998810408934697 -0.015384658876479647 -0.0011028749006172368 0.0010584662565223844 -0.0028943976690405425 0.9999952510443824 0.060964178011692696 2358.106689453125
-0.031620024386005 0.00037221393328623967 0.0020552432788308924 0.9998692431785348 0.006904602689662119 0.01462268810042814 0.006934603774286767 -0.9999739513525973 -0.002001970720894034 0.014608484386757619 0.0021031114976573497 -0.9998910786210419 0.060460809246326574 2343.581787109375
-0.033145614286327216 -0.001780628792121458 -0.03660570582576184 0.9971614582703966 -0.07416755053099792 0.01296921694971776 0.07420308756304692 0.9972405442719305 -0.0022800562131312383 -0.012764322785316357 0.0032359401193684818 0.9999132966189501 0.06410431184319691 2316.951416015625
-0.001676595085613422 0.03711651162363055 -0.04762572009657488 0.07879585755061676 0.9964726612325528 0.028869503788205714 -0.9966808992324031 0.07934043615545264 -0.01822855715494819 -0.020454777880768642 -0.02733734820308757 0.999416965763075 0.06495288406416945 2291.57421875
-0.0010251054337868902 -0.03946683628787093 -0.06762921046770455 0.043575253992878656 -0.9947874562970793 -0.09219063961944651 0.9284000363722581 0.0744057154192714 -0.36405653678643957 0.3690183866739515 -0.06972593711763903 0.9268029585567911 0.06550867346936086 2277.935546875
-0.03669172314104014 -0.0027312085095091386 -0.03870009367256308 0.993602610028591 0.1124487148848837 -0.010447002685443716 0.11245436747680397 -0.9936568890018295 -4.6632581151831516e-05 -0.010385979961634048 -0.0011284768246752157 -0.999945427491067 0.0659526551972022 2246.48583984375
-0.004754836287939455 0.004746920212999391 -0.08778976205331657 0.1748029913598315 0.983912471882505 0.03688037263523677 -0.1705215321983953 -0.006638519562914726 0.9853315873931603 0.9697248688511435 -0.17852780660746387 0.16661782917671697 0.0692447407734932 2241.927001953125
-0.03364889541208519 -0.0004329892077417248 -0.031706391140773185 0.9990550177510505 0.041473923015357704 0.01299943137852786 0.04151508169689574 -0.9991336327138122 -0.002912382495719631 0.012867381169023709 0.003449302801651798 -0.9999112624688423 0.062408532227329894 2229.6748046875
-0.036834087323510935 0.004071515402816129 -0.040416848556100685 0.9929142996646634 0.11766826640090144 0.016594354571278374 -0.11769287726717186 0.993049910902049 0.0005109775015953383 -0.01641889649170241 -0.002460394204026334 0.9998621736511264 0.06623639039420713 2223.056884765625
0.0030614984675244126 -0.005382613848926028 -0.08744634465914894 -0.12245718868564959 -0.006505033723238943 -0.9924524781950353 0.1918141190416355 0.9809696677663616 -0.030097419468056177 0.9737615625375082 -0.19405204317041952 -0.11887903038760504 0.0699332582467956 2220.80322265625
-0.0006408972500967572 0.036235496560805824 -0.03925503672008834 0.04415748238114282 0.999024385339968 0.0006278900048675123 -0.9990179365756116 0.04415488736203042 0.003675366954977329 0.0036440568006543862 -0.0007895683286178386 0.9999930486917837 0.062180792638637454 2218.326171875
0.037430316140551784 0.0035266261217852465 -0.02591380264752089 -0.9929276998163122 -0.10026214172105537 -0.06357740066245918 -0.10054273656391446 0.994931990747113 0.0012214385888235652 0.06313272575873113 0.00760504605469154 -0.997976163148589 0.06547791293891181 2212.78271484375
-0.015298163564401626 -0.03602446192435007 -0.026914927237733585 0.397753351204861 0.9174805862246209 0.004652473130353792 0.9174371640801097 -0.39766866664386474 -0.012987745544824195 -0.010065861609857311 0.009434271069720519 -0.9999048319512385 0.07926746062315004 2195.98193359375
-0.0017336952975368011 0.03706835639108964 -0.04360687964449276 0.08097751621311869 0.9967109880149844 0.003138190266386731 -0.9965736002839718 0.08091234476531904 0.0171537658145717 0.016843428540446372 -0.0045165069215146614 0.9998479384787624 0.06408236777761331 2190.070068359375
0.033120385859617296 -0.0007677617303737359 -0.029912849049860333 -0.9984672425674984 -0.0521772898531116 0.018457950678260143 0.05224213458492401 -0.9986297951514509 0.0030482141955640607 0.018273611949130193 0.0040078247660955075 0.9998249909093977 0.06289567681341754 2187.166015625
-0.0017116536901175747 0.03709733681057724 -0.03505901306510287 0.08016300066432754 0.9967813286153693 -0.0009360813373046545 -0.9967750121475005 0.08015896440162226 -0.003757071254253825 -0.0036699431659237124 0.0012342405918135708 0.9999925040555656 0.06386420000040519 2168.85205078125
-0.032865159045458205 0.002684885098852407 0.0297765979499622 0.996224788852937 0.08339030973944465 0.024129366267698175 -0.08343500916212933 0.9965128583471874 0.0008499381353962023 -0.023974347145160058 -0.002859963335094912 0.9997084831533066 0.06456930997748465 2155.13671875
0.0016550184584701588 0.036313184282263676 0.032399273454540106 -0.04166454669011614 -0.999130768592946 0.001331465349205716 -0.9990265643073087 0.04164079947607836 -0.01455910805400364 0.014491009538408785 -0.0019367678905936976 -0.9998931240751163 0.062273922448832196 2154.097900390625
-0.0327231152382886 0.002552310974362572 -0.040643195159797495 0.9968511585052386 0.07824404101940755 0.01287003619719678 -0.07826311924944454 0.9969322517282247 0.0009846976383516071 -0.012753507443488249 -0.001988846159214052 0.9999166927993771 0.06427318007192856 2150.8857421875
0.0017098120105633295 0.036261911731427066 -0.048755814866397164 -0.04144794677880039 -0.9981236163695232 0.04507010265405259 -0.9986524847378333 0.042795464621513096 0.029355798997479785 -0.03122951224040082 -0.043792632408362134 -0.9985524137029426 0.06386050023506654 2147.85986328125
-0.033638164474810266 -0.0004239963813219873 -0.024291991063406387 0.9987604214407966 0.041443673786148036 0.027568867704537064 0.04159394177920004 -0.9991225847596455 -0.004899452058517188 0.027341627067009728 0.006040076681014584 -0.9996078995801385 0.06249772619470771 2138.530517578125
-0.0007634881503567406 0.03335907017026767 -0.014400116096085281 0.039725112442773436 -0.999199139750345 0.004795264703793341 -0.9989528980644148 -0.039823404241542244 -0.02252118831948652 0.02269411575973081 -0.0038955868345038752 -0.9997348656084267 0.06223486461078554 2137.8212890625
-0.01530985767563215 -0.03599970513076564 0.020948741892730608 0.39835345639898817 0.9172259918666985 -0.003317170350047948 0.9172319873199779 -0.3983505654574803 0.0015193540568333183 7.219434711524424e-05 -0.003647854692486764 -0.9999933439499078 0.07907321505753086 2136.170654296875
-0.005185225059061008 -0.03801574267367902 0.023594106040549852 0.19334547138759886 0.9811305489175629 0.0006121067139338268 0.9802148980818152 -0.1931919045410695 0.04307715866037976 0.0423825703841146 -0.007728777427015671 -0.999071560863945 0.06998027581686689 2133.04150390625
0.00024162083066994397 -0.03091921886071112 0.045143743492087614 0.01655868891735096 0.9998442165634095 0.006111663115782848 0.9997321323242967 -0.016457360501262737 -0.016273256700700383 -0.01617013975368832 0.006379489794168438 -0.9998489029299938 0.061167447203965254 2133.019775390625
0.004746226400523065 0.038929399627059394 -0.04180998307183288 -0.14540043121164506 -0.9893728584377987 -0.0002481735025527877 -0.9891448735748742 0.14537230193238707 -0.02143158676871305 0.02123990781556406 -0.0028706824099134533 -0.9997702863650668 0.06757211941374229 2125.121826171875
-0.0007410469873209635 0.009181756360560893 -0.086428517064367 -0.02049536283152457 -0.002017047948427106 0.9997879133196091 -0.3006352963929368 -0.9537048908239466 -0.008087013120744602 0.9535189346128033 -0.30073728191904936 0.01894013196382216 0.07533107889281838 2117.600341796875
0.007113930507393985 -0.0392522558583209 0.04282513586914763 -0.21377647577524383 -0.976878875279764 -0.0026984138414109233 0.9768755100311114 -0.21376358258206854 -0.00440098433701832 0.003722406019241273 -0.0035768413191131316 0.9999866748610231 0.07071941580569596 2105.779296875
0.002241913476861309 -0.006867014398268971 -0.08788922601583048 -0.09924226437174946 -0.00621044111987345 -0.9950439203288789 0.23444025778104527 0.9716844368875388 -0.029446912267742542 0.9670515697179366 -0.23620073143757125 -0.09497618635443043 0.07267184710460457 2104.488037109375
-0.03313632015058293 0.002426291020321228 0.04149449691553785 0.9982420480994882 0.0580428272107901 0.01199348220980568 -0.058057662683092356 0.9983128326041251 0.0008922229004482227 -0.011921460058014064 -0.001586967960037266 0.9999276775461208 0.06321264948343862 2088.090576171875
0.039465287756980036 -0.007509966962508427 0.026693111325217102 -0.9758703469884171 -0.21533871231055507 -0.036142839527889575 0.21548557248022254 -0.9765070089099374 -0.0001720541732756838 -0.03525668619677046 -0.007956163032503447 0.9993466193209556 0.0702346259578405 2087.07177734375
-0.031781560969332275 0.0002134295700391281 0.01736245418372119 0.9998898285382756 0.012187165168917779 -0.008473711751241871 0.012212319807726737 -0.999921154053284 0.0029231697970637047 -0.008437418480283038 -0.0030263314250389512 -0.9999598248367253 0.06079275349310616 2079.6240234375
0.00017235077439948718 -0.030818048394470717 0.028854433209854185 0.01993809120731065 0.9998000638088103 -0.0015181985735007206 0.9998002959159507 -0.01993598920731402 0.0013873069971527842 0.0013567628338998928 -0.0015455556364869663 -0.9999978852239575 0.06116315275892359 2075.951171875
-0.03273184021811648 0.002554393520241869 0.043210929471635726 0.996879501748526 0.07847781551170166 0.008514192041639885 -0.0784939399197763 0.996913345133316 0.0015759730240959176 -0.008364232749102257 -0.0022393676816117743 0.999962511718767 0.06429465685829748 2074.649658203125
-0.0392697768826446 0.006616416678016351 -0.02175938599547552 0.9835512583478851 0.17327817262776088 -0.05100585351775399 -0.17363422892867847 0.984806778750544 -0.0026005905713251763 0.0497802847182892 0.011414176175278859 0.9986949683640173 0.06886047210794417 2068.99658203125
-0.036864837475672714 0.0040974329321469515 -0.035198618797064776 0.9929468513639161 0.11855938837010051 -0.0004709520063669812 -0.11855981937496697 0.9929463801038271 -0.0010273599570624183 0.00034582692177947543 0.0010759498193916447 0.9999993613676591 0.06625914912307984 2057.3037109375
0.03755809912490766 0.003649386470899442 0.03554072787342869 -0.9946224733925938 -0.10233057064668169 0.015955868309905412 -0.10234705077245973 0.9947487290047999 -0.00021758105239837565 -0.015849814528192542 -0.001849447068532406 -0.9998726733564441 0.06546352387326873 2057.26953125
0.017069289982009996 0.036128835430110015 -0.01294300695133061 -0.4209620470142609 -0.9070697267435197 -0.003932658006929129 -0.907034490632675 0.42089519522158025 0.01164763676078568 -0.008909981834247497 0.008470269465846367 -0.9999244305240718 0.07999976873703912 2053.07666015625
0.003335194456085405 -0.03724028734355313 -0.023429056073718993 -0.10054284308631319 -0.9949316381082128 0.001473836975262199 0.9934050168073763 -0.10030629070952705 0.05554386218146395 -0.05511451066696164 0.007048654864900408 0.9984551603244572 0.06535534504126808 2050.689453125
-0.03336215464075744 -0.027028336296846797 -0.0097389365319436 0.7758312537265651 0.6308683708785952 0.00953752410501573 0.6309327730312303 -0.7758077800313974 -0.006791491579713619 0.003114748174178568 0.011286587958392404 -0.9999314532887087 0.08485203594815591 2049.952392578125
-0.03366993399571601 0.001617066958618782 -0.02039347670700697 0.9986348758415768 0.042611804831126476 -0.03020958195527272 -0.04278375767360408 0.999071499892214 -0.005068351058104664 0.02996556076906749 0.006353911563427151 0.9995307363836489 0.06257200216466487 2045.912109375
0.00030896085738235657 -0.03102531246690554 0.02485885972697481 0.013074757456617256 0.9999105769962818 -0.0028086880235376286 0.9999113871769582 -0.013067631576345828 0.002540629614199212 0.0025036995231632903 -0.0028416572537555717 -0.9999928282106577 0.060834407374722725 2045.7296142578125
0.01569644783674929 -0.036385918844495574 0.018940318529389294 -0.39685299140416463 -0.9178776724912369 -0.002877769211791028 0.9178821745629403 -0.3968514801365393 -0.0011028749006172368 -0.00012974272436307768 -0.0030791322654635483 0.9999952510443824 0.07741335313882651 2042.8206787109375
0.0009069187098812471 -0.030941174204287228 -0.03914160605102882 -0.015861749068501938 -0.9998740476023814 -0.0005420772257299258 0.9998741676985848 -0.015861620679891386 -0.0002403299185997548 0.00023170142513655176 -0.00054582106776755 0.9999998241968905 0.0609025288697757 2024.2257080078125
0.034081267594589224 0.00015510470480359362 -0.02767479068816691 -0.9997991740673671 -0.016798230726378944 0.010928448136591575 0.016849252832772877 -0.9998474894116598 0.004593538524714234 0.010849618112547959 0.004776752208779198 0.9999297317437601 0.061045876355759025 2023.791259765625
-0.03324953598423298 0.0025458317654732977 -0.03511208938766807 0.9980865568401184 0.06178549750161668 0.002403612596714067 -0.06177805184059414 0.9980852284536944 -0.003057622167257705 -0.0025879269344815255 0.0029032810774317565 0.9999924367679822 0.06344962217883503 2017.9412841796875
0.037572490271824376 -0.011160794674149401 0.02697693589679353 -0.9521117987003221 -0.30304422200609066 -0.04058721823876114 0.303241646042954 -0.952912737058565 0.0013489465201053823 -0.039084867670204346 -0.011023386969418451 0.9991750887902106 0.07456413217376592 2017.8184814453125
-0.0073646341047157796 0.0004006239497771481 -0.08961848379668225 0.2445601753735574 0.9695045391583625 0.015851472252951096 -0.04840589446618121 -0.004120250515632251 0.9988192493722862 0.9684251081019036 -0.24503871548598127 0.045922085218297326 0.07202429117451625 2016.384521484375
0.03365058587917551 -0.00041756216306163343 0.030456561961301115 -0.9990043567138606 0.029851829471236317 0.033153635455948655 0.02988984033273337 0.9995529866680906 0.0006513737665401624 -0.03311937064029779 0.0016416821008506863 -0.9994500548643089 0.061608163969645156 2007.82470703125
0.03621975525461932 0.01868671731263618 -0.0284936967266928 -0.891316024206131 -0.45268922950740936 0.025064047585403024 -0.45289284765154636 0.8915604764232815 -0.002825849600462953 -0.021066882528000326 -0.013870052915516164 -0.9996818534377183 0.08120978770375482 1995.257080078125
-0.015308012899969595 -0.03599869382442669 -0.031155171033884963 0.398410131640087 0.9172032921680472 0.0027363922643314003 0.9172049042584417 -0.3984003623415482 -0.0035092578112428 -0.0021285231479200926 0.00390795627135587 -0.999990098584476 0.07909254066913779 1993.69189453125
0.03359171527853306 -0.0004679566476804564 -0.02753544136275935 -0.9984796904310342 0.030949437651412445 -0.04561184172785512 0.030765949037863363 0.9995154738137992 0.004719532453081014 0.045735808471537576 0.003309065704609276 -0.998948089696165 0.06175470872537519 1993.3221435546875
-0.004787478871973665 0.03938511571832385 0.04533366259484928 0.16497778148952078 0.9799305561984561 -0.11188581967068342 -0.9766635336791935 0.17812837703016746 0.11999426352067867 0.1375160848630716 0.08947841262105222 0.9864496642397672 0.07181494822097877 1993.3221435546875
0.0032309444083599356 -0.04084880785787747 0.0360597264768059 -0.076302801075826 -0.9949811772527452 0.06473283139739738 0.9539770570061585 -0.09173302883408352 -0.2855045115699459 0.29000975372192406 0.039968842035592575 0.9561887023033072 0.06558811853647788 1990.249755859375
0.02182510843228036 0.03847362921947356 0.028690462615937034 -0.5146894878362759 -0.8573676447731327 0.003931005851407006 -0.8572001053046592 0.5144850532099079 -0.02265192021175891 0.017398579726915067 -0.015028363842077693 -0.9997356839203634 0.08288224299935879 1988.145751953125
-0.00418577343337026 0.00462167727346967 0.08990673902783508 0.13719035185026382 0.9902359889887403 -0.024728394017653182 -0.14789325638538076 -0.004207799776753045 -0.9889943777073594 -0.9794418778441778 0.1393376493720568 0.14587195546965462 0.06679436973539582 1975.413330078125
0.0016503464768772083 0.03632187576373765 0.034440323230512285 -0.041395734876976606 -0.9991422446588325 0.0010807738453837174 -0.9990575736122375 0.041378047815344814 -0.01310808021871999 0.013052116381048069 -0.0016223739090728978 -0.9999135013394285 0.06224460191426414 1974.8046875
0.03410860087299175 0.00011789986185069268 -0.03911479044509369 -0.9998438959627737 -0.01765753477075649 -0.0006286269176767312 0.01765783053664078 -0.9998439787824417 -0.0004680953274533074 -0.00062026342901911 -0.0004791224434659917 0.9999996928574342 0.06092799783687927 1972.3294677734375
-0.0014666116805477983 -0.03346901002062888 -0.04243749648329222 0.06371290599437453 -0.9979636991475811 0.0030200651364568403 0.9978836088588808 0.06374662659133634 0.012832410880320805 -0.012998799195641843 0.0021960833092573686 0.9999131004430187 0.06353108669873828 1971.216552734375
-0.008928371059740856 -7.383122987504316e-05 0.0874953446185791 0.2876022003139598 0.9576657676853753 -0.012698495113606633 -0.036373789813663834 -0.0023274044247768933 -0.9993355445510959 -0.9570589959815232 0.2878729938570564 0.03416456671194257 0.07423106059759628 1969.524658203125
-0.0015315595223216114 0.03725877064279885 -0.023859003281564165 0.07436073366440374 0.9972245794676621 -0.003690446373582078 -0.9963153992997573 0.07413334015351099 -0.04312624486144868 -0.04273296627964653 0.006883747760377812 0.999062814646664 0.06381549413203112 1962.9210205078125
-0.0005291567538801903 -0.031832008202239054 -0.046643609240648184 0.05227546826624261 0.9984529981924269 -0.01894428193674963 0.9986309025516489 -0.05222994487984516 0.0028902122289005457 0.0018962822640134875 -0.019069432566343775 -0.9998163635664166 0.0635948365967196 1954.24609375
0.011161495317768132 -0.03861914989678744 0.016948214847337845 -0.3210297227190779 -0.9470637489255763 -0.003189451668429526 0.9470690958805533 -0.321027141929914 -0.001304519951040522 0.00021156300194111966 -0.003439420786138318 0.9999940627952509 0.07493204568776853 1947.5780029296875
0.005806563880739066 -0.038676579416227534 -0.03975884668547526 -0.17575984185345694 -0.9844326456962912 0.0009187377474275659 0.9842394836203704 -0.17574370931314753 -0.019666914337620328 0.019522214893684827 -0.0025523957876149826 0.9998061654147711 0.0689688666231068 1945.829345703125
-0.03807762254523129 -0.009525623461008537 -0.035992618202840956 0.9597366094581866 0.2798872825514856 -0.023848470216119112 0.2798508693001696 -0.9600308820700985 -0.0049189860385866705 -0.024272029532852023 -0.0019530841388148087 -0.9997034830612042 0.07439509283349031 1943.8056640625
-0.0005700585442084231 0.03631073859211899 -0.02237542673316885 0.04144916103908991 0.9991277507514525 -0.005069982988099674 -0.9987639460029479 0.041293679443666624 -0.027666083977046292 -0.027432594003791635 0.006210452185447822 0.999604363270727 0.062248348622953156 1942.973876953125
-0.03264559160110336 -0.0013025321806143034 0.026182480789193323 0.9965139755012243 0.07609015778831626 -0.03420795987039665 0.0762063837929893 -0.9970898438146935 0.00210485885182869 -0.033948250322235314 -0.004704386180963376 -0.9994125199589603 0.06426520865607148 1939.5640869140625
-0.03273184021811648 0.002554393520241869 0.043210929471635726 0.996879501748526 0.07847781551170166 0.008514192041639885 -0.0784939399197763 0.996913345133316 0.0015759730240959176 -0.008364232749102257 -0.0022393676816117743 0.999962511718767 0.06429465685829748 1939.29833984375
0.005600370616548632 -0.03883373498376602 -0.02346545944496591 -0.17040640481680686 -0.985373473912893 0.0008798330794872984 0.9837094518718751 -0.17006662476277298 0.05824995656421704 -0.057248331812774625 0.010791665795204578 0.9983016420170905 0.06879722540061518 1930.90185546875
-0.0005694719852369634 0.036304469615460654 -0.02441765652706317 0.041691421913585484 0.9991185550628464 -0.004892674928247832 -0.998791402856343 0.04154919311419323 -0.026256392208714997 -0.02602996194929597 0.0059814279808068265 0.9996432681713155 0.06226383250311765 1929.822265625
0.033069729264491 0.0017751766344805096 -0.01376724506824652 -0.9986423006112815 -0.050181169014920805 -0.013978759104573234 -0.05023719339460736 0.9987305141727421 0.0036857102549659212 0.013776060018762854 0.004382959792958833 -0.9998954994567247 0.06300089361660235 1929.153076171875
0.03316163128960155 0.0011926612151851208 -0.030378116179586332 -0.999577893175338 -0.019783042832508105 -0.02127596511183155 -0.019896386720768225 0.9997888919151802 0.0051288788710609785 0.02117000875319515 0.005550028766009209 -0.9997604852713904 0.061317187492594266 1926.8095703125
-0.03368117073224083 0.0016251104730623835 0.02157311585148016 0.9989358177689136 0.042650273800921484 0.017555230646669574 -0.042709569239552776 0.9990829761352712 0.0030165364345081797 -0.01741047597635353 -0.0037631026288554048 0.9998413446066737 0.06247639425987367 1926.349853515625
-0.03655867608464284 0.003748099454213439 0.0019316327312640471 0.9939338718603135 0.10795374271597559 -0.02101065925618509 -0.10798598801002768 0.9941523344238496 -0.00040293064992214824 0.020844298075606397 0.0026693432194894932 0.9997791705394307 0.06575327776736785 1924.7041015625
-0.002335066601813672 -0.03714890638690166 -0.043429985645553525 0.10458343460394677 0.9945095084019485 -0.003625314407998131 0.9944424300129083 -0.10453061704114397 0.012554022901854407 0.012106138792553836 -0.0049181093026230095 -0.999914623157609 0.06530288963591226 1923.2740478515625
0.01921080475931753 -0.036023197520300684 -0.037399077419319256 -0.4740192708640595 -0.8805142960853275 0.0005524842680119716 0.8804895269613178 -0.4740104727156977 -0.0072294306329446535 0.0066275003539133055 -0.0029404328255952903 0.9999737147014702 0.07948130274397049 1920.156005859375
-0.00039604781403471123 0.033663478449230885 0.030473936630106693 0.02945611593818686 -0.9995655819792816 0.0009922480817090703 -0.998998862426389 -0.029405949177638217 0.033712950386200514 -0.03366912687635882 -0.001984307280066395 -0.9994310643661233 0.06158567028995243 1919.01611328125
